5000
0 517 523
1 512 514
2 517 519
3 528 517
4 520 530
5 525 515
6 523 526
7 525 527
8 522 528
9 519 523
10 518 517
11 518 527
12 522 520
13 521 512
14 528 527
15 516 518
16 519 523
17 514 521
18 521 515
19 530 515
20 514 515
21 515 513
22 517 521
23 518 524
24 518 516
25 520 518
26 524 529
27 522 524
28 513 527
29 517 520
30 515 524
31 512 525
32 518 519
33 521 516
34 525 514
35 518 527
36 521 528
37 511 530
38 514 529
39 530 524
40 522 517
41 514 515
42 517 521
43 522 521
44 516 512
45 518 521
46 518 527
47 523 527
48 520 516
49 528 530
50 522 527
51 514 518
52 513 520
53 517 514
54 530 518
55 529 529
56 516 522
57 520 515
58 516 513
59 529 517
60 518 525
61 521 513
62 519 519
63 519 520
64 515 523
65 514 524
66 519 511
67 518 527
68 517 517
69 526 521
70 513 529
71 525 515
72 523 522
73 512 512
74 513 515
75 522 514
76 521 513
77 525 527
78 517 522
79 512 518
80 519 513
81 517 515
82 511 528
83 514 513
84 530 522
85 524 530
86 520 529
87 529 530
88 518 528
89 517 523
90 513 523
91 529 517
92 511 517
93 525 516
94 523 524
95 526 522
96 513 530
97 524 513
98 513 529
99 521 527
100 529 514
101 518 514
102 529 520
103 520 514
104 513 529
105 514 526
106 522 520
107 519 524
108 525 528
109 526 521
110 511 525
111 528 515
112 515 523
113 523 517
114 514 529
115 525 524
116 513 521
117 522 523
118 512 514
119 515 517
120 515 514
121 521 518
122 516 526
123 524 529
124 521 529
125 517 514
126 518 523
127 521 524
128 522 527
129 517 512
130 515 520
131 521 518
132 530 526
133 523 525
134 513 520
135 518 526
136 528 526
137 518 523
138 528 524
139 522 513
140 529 518
141 513 527
142 530 514
143 520 523
144 530 527
145 514 517
146 520 511
147 512 524
148 512 522
149 530 513
150 511 525
151 526 529
152 530 521
153 516 528
154 530 514
155 529 525
156 516 518
157 522 511
158 514 527
159 519 520
160 517 521
161 522 513
162 514 513
163 514 525
164 530 514
165 526 528
166 517 515
167 524 513
168 528 524
169 528 527
170 530 514
171 518 521
172 514 512
173 511 523
174 528 512
175 516 519
176 527 513
177 516 524
178 522 513
179 513 527
180 524 512
181 519 513
182 524 514
183 526 526
184 514 524
185 516 512
186 516 526
187 517 524
188 524 521
189 520 526
190 529 516
191 521 525
192 521 519
193 514 513
194 520 527
195 524 518
196 513 512
197 512 517
198 517 528
199 521 511
200 512 521
201 515 513
202 525 516
203 527 517
204 514 522
205 523 520
206 513 518
207 530 519
208 520 512
209 518 517
210 513 529
211 530 518
212 525 527
213 514 524
214 525 517
215 512 512
216 527 515
217 525 528
218 519 525
219 519 523
220 523 519
221 526 523
222 511 516
223 512 512
224 519 519
225 529 528
226 514 522
227 519 520
228 528 513
229 522 523
230 529 521
231 526 521
232 530 516
233 519 530
234 525 519
235 523 521
236 521 527
237 529 522
238 528 514
239 524 513
240 514 513
241 528 524
242 525 528
243 512 513
244 530 530
245 518 526
246 519 517
247 522 511
248 530 512
249 518 524
250 517 512
251 511 528
252 529 522
253 515 514
254 525 527
255 515 515
256 514 514
257 525 518
258 526 515
259 517 512
260 525 522
261 517 511
262 525 525
263 519 530
264 525 525
265 518 530
266 521 516
267 527 519
268 516 526
269 514 514
270 523 527
271 520 516
272 519 515
273 512 517
274 528 524
275 530 529
276 527 513
277 511 514
278 528 524
279 513 522
280 525 521
281 517 513
282 518 529
283 515 525
284 511 522
285 529 520
286 511 520
287 529 520
288 521 520
289 514 524
290 522 516
291 515 523
292 527 517
293 513 517
294 512 523
295 517 518
296 529 523
297 516 519
298 512 514
299 518 528
300 525 511
301 523 528
302 518 529
303 521 516
304 521 519
305 516 530
306 519 518
307 512 521
308 515 530
309 516 525
310 513 530
311 530 512
312 526 513
313 518 512
314 528 529
315 521 517
316 524 525
317 521 526
318 515 519
319 530 521
320 525 530
321 530 519
322 527 525
323 521 518
324 519 511
325 518 513
326 524 525
327 514 530
328 530 513
329 518 517
330 518 513
331 515 525
332 519 529
333 514 519
334 528 511
335 522 527
336 522 515
337 522 523
338 522 512
339 520 515
340 522 511
341 514 511
342 512 527
343 529 511
344 530 524
345 519 520
346 523 521
347 519 530
348 519 524
349 515 523
350 524 515
351 516 519
352 516 523
353 522 524
354 512 518
355 529 514
356 512 512
357 530 527
358 518 529
359 519 521
360 513 511
361 527 525
362 513 514
363 511 516
364 512 525
365 511 515
366 528 515
367 519 516
368 525 527
369 513 519
370 522 519
371 514 530
372 511 524
373 512 524
374 511 523
375 526 516
376 530 529
377 524 527
378 529 528
379 522 515
380 527 530
381 515 517
382 523 512
383 528 518
384 511 516
385 513 516
386 521 525
387 518 524
388 521 530
389 530 512
390 515 524
391 520 519
392 529 523
393 519 525
394 522 524
395 525 529
396 516 518
397 526 512
398 529 519
399 517 526
400 517 521
401 514 513
402 523 530
403 513 529
404 528 522
405 522 526
406 521 511
407 528 525
408 527 529
409 528 523
410 530 519
411 526 513
412 521 518
413 515 519
414 527 524
415 518 529
416 511 511
417 518 522
418 515 520
419 527 526
420 511 526
421 511 518
422 514 523
423 530 523
424 515 523
425 522 527
426 524 524
427 519 524
428 512 530
429 518 516
430 516 530
431 512 522
432 511 523
433 528 521
434 515 519
435 511 530
436 517 527
437 512 513
438 514 518
439 530 514
440 518 515
441 516 515
442 521 518
443 530 519
444 516 528
445 515 522
446 520 530
447 524 521
448 520 519
449 525 526
450 521 523
451 512 516
452 522 517
453 511 529
454 518 525
455 511 516
456 511 530
457 526 526
458 528 526
459 525 512
460 526 525
461 521 527
462 519 512
463 527 529
464 521 519
465 524 519
466 529 529
467 525 515
468 520 527
469 514 525
470 513 521
471 530 527
472 515 525
473 530 516
474 528 520
475 521 520
476 514 513
477 511 518
478 512 517
479 519 519
480 515 521
481 528 521
482 519 515
483 511 529
484 519 521
485 517 520
486 529 514
487 527 522
488 511 517
489 529 530
490 523 516
491 520 527
492 516 525
493 528 519
494 527 512
495 512 522
496 524 525
497 523 529
498 515 529
499 515 522
500 527 528
501 522 521
502 525 512
503 517 517
504 513 526
505 514 519
506 521 515
507 519 526
508 514 523
509 522 520
510 516 514
511 519 526
512 525 511
513 523 522
514 530 529
515 521 525
516 519 524
517 528 512
518 517 517
519 523 511
520 519 520
521 528 526
522 514 523
523 511 519
524 527 526
525 523 511
526 530 514
527 516 527
528 526 524
529 515 527
530 523 526
531 513 517
532 530 522
533 520 529
534 516 519
535 527 514
536 513 523
537 515 515
538 525 522
539 519 518
540 529 527
541 530 530
542 523 529
543 521 517
544 520 516
545 519 526
546 525 516
547 528 526
548 512 530
549 526 512
550 512 530
551 527 521
552 523 513
553 526 529
554 521 520
555 527 527
556 520 511
557 519 524
558 511 513
559 525 528
560 521 522
561 526 520
562 529 524
563 518 517
564 530 527
565 518 514
566 522 515
567 527 525
568 521 525
569 525 529
570 516 526
571 530 528
572 511 519
573 511 526
574 517 511
575 524 511
576 524 513
577 516 521
578 515 526
579 530 522
580 525 527
581 513 515
582 529 526
583 515 527
584 527 529
585 527 522
586 518 513
587 527 517
588 528 511
589 521 514
590 514 529
591 525 522
592 520 513
593 512 530
594 514 525
595 530 514
596 517 526
597 517 512
598 525 522
599 512 529
600 522 521
601 526 530
602 522 523
603 513 512
604 517 519
605 527 529
606 513 523
607 528 529
608 513 522
609 528 515
610 529 513
611 530 528
612 527 514
613 514 521
614 525 523
615 528 518
616 511 511
617 528 516
618 512 514
619 517 526
620 518 519
621 516 520
622 524 527
623 515 519
624 529 522
625 512 525
626 512 530
627 530 528
628 516 513
629 528 513
630 522 517
631 514 518
632 513 521
633 521 530
634 511 521
635 514 520
636 526 530
637 524 521
638 521 519
639 515 528
640 529 528
641 520 522
642 526 526
643 529 522
644 513 517
645 526 518
646 530 515
647 530 515
648 522 525
649 513 518
650 514 522
651 520 520
652 511 525
653 522 512
654 519 525
655 517 529
656 514 528
657 523 527
658 523 521
659 511 523
660 523 518
661 527 526
662 527 528
663 520 527
664 523 527
665 521 528
666 511 529
667 530 516
668 523 522
669 511 517
670 529 528
671 511 512
672 518 530
673 518 522
674 511 522
675 528 513
676 515 515
677 519 511
678 514 523
679 529 526
680 517 519
681 516 511
682 530 526
683 529 526
684 529 523
685 530 514
686 522 524
687 526 522
688 526 511
689 523 529
690 529 527
691 517 530
692 519 529
693 511 518
694 522 527
695 525 525
696 529 524
697 530 512
698 529 520
699 522 512
700 520 527
701 525 516
702 520 519
703 528 519
704 524 516
705 511 527
706 528 525
707 516 517
708 529 529
709 512 516
710 521 511
711 512 526
712 524 518
713 525 519
714 523 520
715 520 524
716 514 519
717 515 521
718 520 530
719 524 525
720 515 523
721 523 511
722 518 518
723 517 529
724 520 524
725 524 518
726 518 511
727 515 516
728 516 518
729 519 523
730 521 513
731 521 530
732 517 517
733 513 511
734 528 527
735 530 530
736 514 521
737 523 514
738 524 515
739 528 526
740 523 518
741 517 524
742 527 513
743 511 521
744 516 519
745 513 524
746 517 512
747 525 522
748 519 529
749 518 529
750 514 519
751 520 525
752 527 511
753 523 528
754 514 530
755 516 517
756 517 520
757 523 516
758 524 522
759 522 515
760 516 525
761 520 517
762 523 514
763 518 519
764 526 523
765 516 520
766 517 522
767 521 519
768 513 515
769 519 518
770 520 526
771 513 519
772 519 513
773 524 515
774 524 525
775 525 518
776 529 519
777 517 511
778 511 514
779 516 521
780 526 526
781 520 529
782 511 520
783 519 520
784 522 511
785 518 530
786 513 523
787 515 521
788 529 516
789 524 514
790 528 528
791 525 530
792 515 524
793 527 514
794 520 513
795 521 519
796 512 515
797 512 511
798 528 522
799 529 516
800 524 519
801 525 530
802 525 524
803 526 512
804 518 514
805 511 528
806 523 517
807 527 511
808 530 520
809 530 511
810 529 524
811 517 514
812 527 517
813 530 527
814 517 515
815 530 514
816 512 523
817 525 522
818 523 515
819 520 523
820 525 518
821 526 519
822 518 511
823 519 514
824 530 526
825 525 530
826 511 521
827 520 516
828 515 521
829 513 512
830 524 527
831 523 513
832 516 516
833 522 514
834 512 530
835 517 511
836 526 527
837 516 516
838 524 527
839 512 527
840 523 523
841 525 515
842 523 511
843 518 513
844 520 515
845 514 515
846 520 530
847 524 513
848 514 525
849 524 521
850 519 516
851 529 515
852 520 519
853 526 513
854 527 516
855 516 511
856 527 521
857 527 518
858 515 513
859 530 530
860 530 524
861 519 521
862 519 521
863 516 518
864 527 526
865 518 516
866 521 516
867 521 523
868 524 515
869 527 519
870 513 524
871 526 530
872 513 515
873 519 514
874 515 522
875 521 511
876 515 522
877 525 527
878 516 512
879 514 524
880 517 514
881 530 511
882 528 515
883 519 528
884 515 529
885 520 512
886 527 527
887 524 524
888 521 516
889 522 523
890 516 523
891 530 521
892 529 529
893 511 513
894 525 528
895 527 522
896 516 526
897 511 530
898 527 511
899 518 514
900 521 530
901 525 514
902 526 514
903 519 529
904 527 525
905 519 529
906 512 521
907 514 518
908 523 520
909 518 522
910 526 513
911 526 529
912 529 525
913 521 527
914 530 526
915 515 523
916 513 517
917 521 512
918 529 512
919 511 513
920 521 511
921 516 528
922 517 523
923 526 512
924 524 528
925 530 521
926 525 530
927 527 513
928 528 525
929 530 530
930 517 528
931 516 514
932 518 521
933 512 530
934 518 516
935 520 512
936 520 521
937 513 522
938 522 512
939 518 511
940 530 530
941 520 518
942 528 519
943 511 526
944 512 515
945 513 511
946 513 522
947 513 512
948 527 529
949 528 516
950 513 522
951 528 518
952 527 529
953 514 511
954 529 525
955 512 528
956 530 517
957 517 513
958 513 524
959 511 526
960 515 513
961 521 526
962 526 525
963 514 517
964 513 515
965 526 527
966 522 527
967 526 519
968 520 520
969 519 525
970 522 529
971 524 519
972 521 518
973 512 515
974 516 520
975 524 522
976 529 524
977 523 520
978 516 529
979 526 521
980 513 523
981 529 526
982 527 526
983 523 530
984 524 523
985 528 516
986 529 520
987 524 525
988 516 513
989 526 516
990 511 522
991 514 528
992 528 521
993 526 523
994 523 524
995 521 527
996 515 518
997 526 529
998 529 518
999 528 514
1000 529 526
1001 527 517
1002 512 529
1003 524 521
1004 511 520
1005 522 521
1006 513 528
1007 519 526
1008 522 512
1009 513 530
1010 514 530
1011 515 512
1012 514 522
1013 526 515
1014 518 526
1015 517 513
1016 518 523
1017 521 512
1018 512 517
1019 511 519
1020 516 524
1021 527 523
1022 529 528
1023 521 528
1024 515 521
1025 512 513
1026 525 524
1027 517 526
1028 514 525
1029 521 529
1030 520 516
1031 519 511
1032 522 529
1033 530 529
1034 523 529
1035 522 512
1036 524 525
1037 521 520
1038 521 521
1039 529 529
1040 511 526
1041 520 516
1042 522 513
1043 525 529
1044 518 514
1045 529 525
1046 517 521
1047 511 514
1048 519 517
1049 517 527
1050 516 518
1051 511 525
1052 529 529
1053 515 526
1054 525 522
1055 522 525
1056 530 521
1057 519 521
1058 521 522
1059 518 517
1060 524 525
1061 530 526
1062 511 517
1063 513 515
1064 515 512
1065 517 528
1066 511 523
1067 525 518
1068 530 525
1069 525 524
1070 517 528
1071 526 512
1072 530 513
1073 519 512
1074 521 515
1075 523 527
1076 519 516
1077 512 519
1078 530 511
1079 526 517
1080 523 519
1081 515 522
1082 523 517
1083 511 527
1084 516 525
1085 520 521
1086 519 530
1087 530 516
1088 511 518
1089 529 521
1090 529 516
1091 517 523
1092 522 522
1093 523 523
1094 519 523
1095 512 518
1096 515 519
1097 511 527
1098 530 530
1099 522 522
1100 517 515
1101 522 520
1102 511 527
1103 530 515
1104 523 530
1105 514 519
1106 523 514
1107 512 518
1108 528 523
1109 526 512
1110 525 515
1111 530 529
1112 525 530
1113 528 518
1114 527 516
1115 524 514
1116 524 529
1117 521 523
1118 528 516
1119 521 521
1120 529 523
1121 523 529
1122 520 513
1123 522 520
1124 519 513
1125 527 514
1126 520 515
1127 513 522
1128 521 522
1129 526 519
1130 519 528
1131 514 526
1132 527 526
1133 527 512
1134 524 524
1135 518 521
1136 528 512
1137 522 514
1138 528 519
1139 527 521
1140 518 530
1141 518 517
1142 516 515
1143 514 529
1144 516 516
1145 519 518
1146 520 516
1147 527 520
1148 513 514
1149 523 527
1150 524 530
1151 528 520
1152 524 514
1153 530 517
1154 528 522
1155 528 527
1156 521 511
1157 530 515
1158 519 519
1159 527 524
1160 521 521
1161 527 525
1162 525 530
1163 512 516
1164 520 523
1165 515 521
1166 514 519
1167 526 523
1168 529 523
1169 522 512
1170 515 512
1171 522 520
1172 515 523
1173 528 518
1174 521 512
1175 526 521
1176 514 516
1177 514 521
1178 515 529
1179 526 530
1180 528 512
1181 513 522
1182 512 513
1183 511 519
1184 525 520
1185 516 517
1186 516 515
1187 514 526
1188 526 524
1189 511 527
1190 519 527
1191 525 512
1192 513 515
1193 529 523
1194 516 522
1195 516 529
1196 526 512
1197 519 516
1198 530 511
1199 527 520
1200 527 511
1201 516 527
1202 518 521
1203 529 512
1204 520 530
1205 528 513
1206 515 530
1207 515 528
1208 521 513
1209 513 522
1210 513 528
1211 516 527
1212 511 516
1213 520 516
1214 511 530
1215 520 515
1216 529 523
1217 521 515
1218 511 530
1219 512 515
1220 530 512
1221 520 527
1222 529 511
1223 517 523
1224 526 518
1225 528 527
1226 523 528
1227 512 516
1228 522 513
1229 515 511
1230 521 520
1231 513 518
1232 512 528
1233 529 522
1234 530 514
1235 514 528
1236 522 522
1237 521 529
1238 527 512
1239 529 530
1240 513 512
1241 528 515
1242 524 525
1243 524 513
1244 513 528
1245 530 518
1246 526 516
1247 519 530
1248 528 522
1249 522 518
1250 512 520
1251 525 529
1252 529 528
1253 525 525
1254 512 520
1255 519 516
1256 520 529
1257 516 520
1258 514 529
1259 515 528
1260 522 526
1261 512 519
1262 517 520
1263 527 521
1264 521 523
1265 511 519
1266 519 511
1267 515 513
1268 525 519
1269 511 513
1270 513 524
1271 530 522
1272 515 511
1273 511 528
1274 526 523
1275 521 528
1276 513 530
1277 527 517
1278 528 511
1279 516 513
1280 516 514
1281 517 528
1282 518 524
1283 515 521
1284 525 528
1285 514 523
1286 526 524
1287 518 530
1288 525 529
1289 529 514
1290 521 511
1291 513 524
1292 515 518
1293 519 529
1294 515 511
1295 511 526
1296 515 522
1297 526 526
1298 520 514
1299 521 513
1300 530 527
1301 529 521
1302 511 521
1303 515 529
1304 529 520
1305 516 525
1306 525 525
1307 515 525
1308 522 528
1309 525 525
1310 523 524
1311 521 520
1312 528 517
1313 516 521
1314 517 529
1315 523 528
1316 517 513
1317 517 520
1318 517 530
1319 520 520
1320 519 524
1321 527 516
1322 516 528
1323 530 522
1324 511 514
1325 513 522
1326 529 525
1327 511 516
1328 527 524
1329 518 515
1330 528 514
1331 524 525
1332 529 516
1333 526 513
1334 515 526
1335 528 523
1336 530 521
1337 530 519
1338 524 527
1339 518 517
1340 518 516
1341 528 512
1342 512 515
1343 525 527
1344 526 512
1345 522 528
1346 526 530
1347 517 511
1348 530 522
1349 514 512
1350 529 519
1351 515 512
1352 514 516
1353 524 526
1354 523 527
1355 518 520
1356 512 525
1357 513 521
1358 524 528
1359 511 515
1360 529 522
1361 528 526
1362 524 520
1363 511 530
1364 528 511
1365 523 521
1366 514 530
1367 516 515
1368 514 528
1369 528 519
1370 524 522
1371 520 511
1372 523 511
1373 529 513
1374 525 519
1375 512 523
1376 525 522
1377 512 521
1378 513 521
1379 512 512
1380 526 513
1381 519 530
1382 526 528
1383 530 519
1384 524 518
1385 529 523
1386 525 512
1387 516 520
1388 521 516
1389 515 515
1390 515 524
1391 525 521
1392 526 522
1393 522 517
1394 511 516
1395 528 511
1396 515 517
1397 514 512
1398 511 512
1399 523 524
1400 522 511
1401 523 522
1402 525 521
1403 522 526
1404 530 518
1405 514 516
1406 521 527
1407 522 514
1408 518 527
1409 522 527
1410 517 526
1411 517 529
1412 521 529
1413 526 527
1414 523 515
1415 524 526
1416 513 519
1417 529 529
1418 513 529
1419 528 511
1420 530 527
1421 524 517
1422 517 522
1423 529 515
1424 512 521
1425 522 530
1426 515 516
1427 525 511
1428 514 521
1429 528 515
1430 519 515
1431 511 523
1432 528 519
1433 520 517
1434 522 521
1435 521 529
1436 522 528
1437 513 515
1438 529 518
1439 530 527
1440 527 518
1441 521 512
1442 512 519
1443 516 530
1444 519 521
1445 528 523
1446 523 519
1447 523 520
1448 514 513
1449 527 524
1450 512 526
1451 521 522
1452 521 516
1453 529 520
1454 515 526
1455 528 529
1456 529 513
1457 515 519
1458 511 516
1459 522 525
1460 523 526
1461 515 523
1462 529 515
1463 511 519
1464 527 513
1465 524 530
1466 528 516
1467 518 518
1468 529 530
1469 512 520
1470 514 517
1471 518 515
1472 530 528
1473 521 526
1474 515 523
1475 517 519
1476 519 513
1477 520 521
1478 512 511
1479 515 517
1480 519 511
1481 522 524
1482 519 514
1483 522 522
1484 527 524
1485 525 516
1486 513 516
1487 515 525
1488 513 511
1489 528 512
1490 528 520
1491 515 530
1492 527 516
1493 527 512
1494 513 514
1495 524 513
1496 526 512
1497 512 522
1498 511 520
1499 526 519
1500 517 517
1501 523 517
1502 529 526
1503 524 515
1504 521 527
1505 515 520
1506 525 517
1507 519 522
1508 516 521
1509 526 524
1510 522 528
1511 522 520
1512 519 523
1513 519 521
1514 519 513
1515 525 519
1516 520 529
1517 522 530
1518 530 527
1519 515 515
1520 515 527
1521 524 520
1522 530 511
1523 523 526
1524 514 511
1525 524 527
1526 521 525
1527 512 511
1528 522 530
1529 512 526
1530 520 514
1531 516 522
1532 527 515
1533 514 512
1534 530 526
1535 512 515
1536 521 522
1537 524 518
1538 526 515
1539 525 526
1540 525 528
1541 511 528
1542 515 517
1543 519 530
1544 524 512
1545 514 522
1546 513 513
1547 511 523
1548 523 514
1549 526 513
1550 519 519
1551 521 526
1552 530 523
1553 522 524
1554 525 523
1555 514 513
1556 515 526
1557 512 513
1558 515 518
1559 523 524
1560 516 511
1561 517 520
1562 513 517
1563 516 528
1564 513 523
1565 511 515
1566 516 530
1567 527 514
1568 515 513
1569 522 519
1570 528 514
1571 526 525
1572 520 518
1573 522 512
1574 528 527
1575 522 516
1576 514 512
1577 514 518
1578 521 517
1579 526 521
1580 529 521
1581 529 517
1582 518 515
1583 530 522
1584 524 518
1585 526 522
1586 512 511
1587 530 514
1588 514 528
1589 526 524
1590 526 523
1591 524 521
1592 518 529
1593 530 524
1594 511 530
1595 523 530
1596 518 527
1597 517 525
1598 529 521
1599 514 520
1600 518 524
1601 525 511
1602 520 522
1603 526 522
1604 525 526
1605 518 529
1606 512 512
1607 525 517
1608 518 518
1609 528 512
1610 524 521
1611 528 519
1612 515 511
1613 520 511
1614 528 517
1615 517 517
1616 529 520
1617 517 511
1618 519 516
1619 527 525
1620 528 518
1621 528 523
1622 515 516
1623 525 512
1624 512 511
1625 529 530
1626 525 524
1627 524 511
1628 520 522
1629 516 528
1630 527 513
1631 515 513
1632 526 513
1633 513 528
1634 524 527
1635 513 520
1636 514 515
1637 514 522
1638 513 524
1639 526 520
1640 516 521
1641 524 519
1642 518 529
1643 520 515
1644 527 516
1645 527 513
1646 519 524
1647 515 530
1648 517 530
1649 512 529
1650 519 511
1651 526 513
1652 524 515
1653 520 528
1654 512 513
1655 520 519
1656 528 511
1657 529 524
1658 513 526
1659 517 522
1660 520 512
1661 529 513
1662 527 529
1663 528 529
1664 513 530
1665 514 526
1666 519 526
1667 521 527
1668 519 514
1669 515 529
1670 520 513
1671 517 519
1672 511 517
1673 530 526
1674 512 511
1675 526 519
1676 515 525
1677 525 524
1678 530 517
1679 511 528
1680 518 525
1681 518 518
1682 520 516
1683 513 517
1684 519 516
1685 517 523
1686 516 515
1687 524 523
1688 526 523
1689 517 530
1690 516 514
1691 526 515
1692 511 512
1693 523 516
1694 511 524
1695 522 524
1696 526 528
1697 518 514
1698 529 522
1699 525 527
1700 512 530
1701 520 523
1702 515 512
1703 514 530
1704 522 515
1705 516 515
1706 528 519
1707 526 522
1708 524 512
1709 523 525
1710 521 515
1711 519 512
1712 523 514
1713 519 514
1714 530 519
1715 527 519
1716 516 511
1717 514 515
1718 519 526
1719 513 517
1720 522 523
1721 514 525
1722 514 513
1723 516 524
1724 512 526
1725 529 520
1726 522 529
1727 512 526
1728 524 523
1729 527 515
1730 528 527
1731 523 522
1732 521 520
1733 517 523
1734 527 530
1735 522 522
1736 524 527
1737 530 514
1738 519 513
1739 513 529
1740 524 527
1741 518 524
1742 523 521
1743 524 514
1744 530 528
1745 530 525
1746 524 515
1747 529 513
1748 515 511
1749 519 521
1750 513 515
1751 522 513
1752 527 513
1753 528 528
1754 530 525
1755 516 520
1756 528 520
1757 513 522
1758 523 529
1759 527 511
1760 514 520
1761 519 511
1762 514 512
1763 524 516
1764 523 526
1765 513 526
1766 520 513
1767 522 512
1768 528 513
1769 514 511
1770 516 519
1771 529 515
1772 519 530
1773 526 515
1774 520 524
1775 518 521
1776 522 518
1777 518 522
1778 518 529
1779 523 520
1780 513 513
1781 521 517
1782 521 524
1783 512 518
1784 527 512
1785 512 511
1786 518 528
1787 515 518
1788 523 525
1789 520 529
1790 515 528
1791 517 515
1792 513 513
1793 515 529
1794 514 521
1795 522 514
1796 521 530
1797 528 529
1798 529 530
1799 522 514
1800 522 519
1801 526 519
1802 515 512
1803 529 526
1804 525 511
1805 528 513
1806 511 527
1807 512 521
1808 530 516
1809 529 523
1810 516 530
1811 526 522
1812 515 525
1813 529 525
1814 512 520
1815 528 527
1816 527 516
1817 516 521
1818 528 514
1819 511 516
1820 525 528
1821 514 526
1822 530 528
1823 529 513
1824 525 516
1825 525 524
1826 523 526
1827 521 513
1828 519 521
1829 511 527
1830 529 517
1831 519 511
1832 525 527
1833 515 523
1834 521 525
1835 529 519
1836 527 529
1837 517 514
1838 523 520
1839 516 520
1840 515 528
1841 530 512
1842 519 512
1843 515 524
1844 515 523
1845 511 530
1846 515 511
1847 520 529
1848 511 517
1849 511 514
1850 521 520
1851 530 527
1852 526 511
1853 519 525
1854 518 525
1855 524 528
1856 526 512
1857 511 521
1858 521 523
1859 521 511
1860 525 514
1861 521 528
1862 514 523
1863 524 517
1864 518 513
1865 514 513
1866 530 513
1867 522 516
1868 521 513
1869 525 527
1870 515 519
1871 526 511
1872 521 518
1873 526 526
1874 529 530
1875 515 516
1876 517 523
1877 525 523
1878 529 520
1879 527 515
1880 515 522
1881 529 511
1882 512 511
1883 517 513
1884 511 530
1885 516 530
1886 521 516
1887 512 513
1888 527 517
1889 527 521
1890 512 530
1891 513 529
1892 514 528
1893 512 520
1894 527 512
1895 514 517
1896 518 522
1897 513 511
1898 522 512
1899 529 521
1900 527 522
1901 529 526
1902 527 514
1903 511 515
1904 512 521
1905 522 513
1906 515 522
1907 513 517
1908 513 517
1909 521 511
1910 530 525
1911 526 527
1912 530 512
1913 527 525
1914 519 516
1915 523 529
1916 517 511
1917 529 528
1918 525 523
1919 516 516
1920 520 516
1921 522 517
1922 516 528
1923 517 524
1924 528 512
1925 511 519
1926 517 520
1927 530 522
1928 512 522
1929 527 522
1930 524 515
1931 514 520
1932 512 527
1933 515 512
1934 513 514
1935 524 516
1936 528 522
1937 522 518
1938 529 522
1939 530 515
1940 518 529
1941 518 521
1942 520 527
1943 525 530
1944 527 528
1945 527 516
1946 513 527
1947 530 512
1948 529 514
1949 513 515
1950 522 521
1951 517 519
1952 529 514
1953 521 515
1954 528 527
1955 517 530
1956 528 529
1957 514 522
1958 528 514
1959 515 518
1960 512 522
1961 525 529
1962 519 512
1963 522 530
1964 527 515
1965 517 524
1966 530 518
1967 517 529
1968 523 517
1969 517 514
1970 523 527
1971 514 520
1972 512 518
1973 519 515
1974 517 511
1975 523 520
1976 516 511
1977 530 519
1978 523 525
1979 516 527
1980 511 511
1981 511 521
1982 520 528
1983 520 525
1984 523 529
1985 518 513
1986 529 519
1987 526 523
1988 518 511
1989 520 527
1990 516 514
1991 525 520
1992 519 513
1993 529 521
1994 522 526
1995 528 520
1996 527 514
1997 521 518
1998 518 516
1999 525 512
2000 514 519
2001 526 511
2002 529 526
2003 517 521
2004 526 526
2005 522 513
2006 526 528
2007 519 517
2008 528 529
2009 514 524
2010 519 523
2011 525 517
2012 511 517
2013 525 530
2014 525 521
2015 516 530
2016 511 521
2017 526 514
2018 526 524
2019 530 526
2020 523 530
2021 528 519
2022 527 524
2023 517 513
2024 520 518
2025 513 518
2026 513 524
2027 530 530
2028 529 518
2029 511 522
2030 524 519
2031 530 514
2032 513 518
2033 529 517
2034 524 513
2035 513 521
2036 513 530
2037 523 514
2038 520 524
2039 518 527
2040 526 513
2041 529 519
2042 516 525
2043 519 516
2044 526 519
2045 513 516
2046 519 526
2047 516 523
2048 515 515
2049 523 519
2050 511 528
2051 530 511
2052 526 518
2053 524 526
2054 517 514
2055 518 518
2056 529 519
2057 522 514
2058 519 511
2059 528 518
2060 512 525
2061 519 528
2062 521 516
2063 518 517
2064 530 530
2065 516 517
2066 523 522
2067 530 514
2068 516 517
2069 515 515
2070 519 528
2071 524 514
2072 518 519
2073 530 526
2074 521 522
2075 514 520
2076 517 511
2077 523 522
2078 522 527
2079 520 526
2080 529 517
2081 527 528
2082 530 516
2083 511 520
2084 513 524
2085 522 530
2086 526 527
2087 521 514
2088 520 512
2089 528 521
2090 527 518
2091 529 514
2092 522 528
2093 524 516
2094 520 523
2095 530 521
2096 519 520
2097 521 517
2098 524 516
2099 526 526
2100 528 529
2101 520 517
2102 523 529
2103 516 528
2104 513 527
2105 518 521
2106 514 517
2107 521 520
2108 520 519
2109 514 528
2110 525 528
2111 514 511
2112 529 529
2113 520 521
2114 529 526
2115 525 521
2116 518 519
2117 527 520
2118 530 527
2119 523 513
2120 523 523
2121 521 530
2122 527 522
2123 516 526
2124 520 513
2125 526 519
2126 512 515
2127 520 513
2128 527 523
2129 527 511
2130 518 517
2131 514 528
2132 512 511
2133 516 529
2134 522 514
2135 528 515
2136 522 527
2137 529 530
2138 526 530
2139 516 529
2140 527 514
2141 522 516
2142 523 511
2143 518 529
2144 515 525
2145 516 525
2146 529 511
2147 516 522
2148 522 525
2149 528 528
2150 525 515
2151 516 530
2152 523 515
2153 526 525
2154 519 521
2155 516 514
2156 523 524
2157 516 517
2158 527 515
2159 527 512
2160 512 515
2161 523 513
2162 512 518
2163 527 529
2164 521 520
2165 522 512
2166 525 519
2167 521 529
2168 528 527
2169 529 511
2170 519 522
2171 522 513
2172 520 515
2173 517 519
2174 522 530
2175 518 515
2176 521 523
2177 527 530
2178 516 515
2179 513 518
2180 525 513
2181 519 514
2182 513 526
2183 525 515
2184 513 521
2185 516 518
2186 518 527
2187 527 517
2188 521 518
2189 524 529
2190 526 520
2191 512 524
2192 527 530
2193 527 523
2194 521 512
2195 521 513
2196 513 527
2197 511 519
2198 511 512
2199 523 526
2200 524 518
2201 513 523
2202 521 516
2203 523 530
2204 516 511
2205 521 524
2206 516 514
2207 516 529
2208 518 530
2209 517 526
2210 523 516
2211 523 530
2212 528 514
2213 518 520
2214 522 525
2215 515 513
2216 517 519
2217 516 529
2218 516 525
2219 524 512
2220 525 519
2221 523 528
2222 514 527
2223 514 523
2224 522 530
2225 520 517
2226 525 522
2227 517 514
2228 529 524
2229 518 519
2230 530 519
2231 527 521
2232 517 518
2233 517 522
2234 519 527
2235 518 523
2236 525 521
2237 529 529
2238 523 518
2239 515 525
2240 513 522
2241 511 512
2242 525 530
2243 516 526
2244 515 524
2245 525 514
2246 514 529
2247 525 526
2248 527 526
2249 530 525
2250 525 516
2251 517 520
2252 515 517
2253 528 515
2254 517 513
2255 527 527
2256 520 521
2257 516 530
2258 515 527
2259 512 519
2260 528 512
2261 529 513
2262 511 529
2263 517 515
2264 519 514
2265 519 518
2266 530 518
2267 524 529
2268 530 512
2269 529 520
2270 522 513
2271 519 523
2272 524 520
2273 519 520
2274 524 530
2275 525 528
2276 514 518
2277 524 512
2278 528 517
2279 516 518
2280 528 529
2281 526 514
2282 523 517
2283 519 516
2284 526 522
2285 525 530
2286 525 529
2287 522 520
2288 512 525
2289 522 522
2290 519 530
2291 529 518
2292 526 522
2293 516 518
2294 525 522
2295 519 520
2296 516 515
2297 513 518
2298 516 525
2299 516 528
2300 528 521
2301 529 512
2302 517 511
2303 515 517
2304 522 519
2305 526 519
2306 526 520
2307 523 528
2308 514 523
2309 519 522
2310 525 514
2311 528 524
2312 513 521
2313 523 517
2314 519 530
2315 519 511
2316 515 530
2317 528 516
2318 515 529
2319 526 530
2320 513 529
2321 527 528
2322 520 520
2323 516 530
2324 520 524
2325 521 515
2326 525 517
2327 518 513
2328 528 526
2329 523 526
2330 525 530
2331 527 522
2332 514 517
2333 530 512
2334 521 516
2335 516 512
2336 526 511
2337 523 523
2338 516 516
2339 512 526
2340 519 529
2341 530 524
2342 529 513
2343 512 526
2344 524 527
2345 521 516
2346 524 529
2347 528 515
2348 527 521
2349 519 525
2350 522 512
2351 521 519
2352 521 519
2353 521 525
2354 518 524
2355 512 524
2356 526 521
2357 522 518
2358 512 527
2359 518 519
2360 513 529
2361 514 519
2362 521 525
2363 513 513
2364 513 515
2365 529 524
2366 530 530
2367 511 518
2368 518 516
2369 524 522
2370 526 513
2371 511 527
2372 511 520
2373 517 513
2374 529 517
2375 521 529
2376 530 518
2377 514 528
2378 516 514
2379 528 527
2380 516 528
2381 528 517
2382 528 515
2383 512 517
2384 516 512
2385 512 516
2386 523 521
2387 529 526
2388 530 528
2389 525 522
2390 516 515
2391 528 523
2392 526 511
2393 515 511
2394 520 511
2395 513 527
2396 525 513
2397 511 520
2398 516 521
2399 524 528
2400 518 511
2401 525 522
2402 525 525
2403 515 513
2404 516 526
2405 513 514
2406 515 528
2407 514 512
2408 516 525
2409 513 518
2410 527 522
2411 518 527
2412 512 517
2413 522 511
2414 529 515
2415 523 513
2416 512 527
2417 529 521
2418 529 528
2419 527 515
2420 528 513
2421 526 521
2422 512 529
2423 516 519
2424 522 530
2425 530 521
2426 515 525
2427 520 527
2428 522 522
2429 511 512
2430 526 522
2431 526 519
2432 530 529
2433 512 512
2434 511 526
2435 517 519
2436 527 522
2437 522 520
2438 527 527
2439 526 523
2440 521 522
2441 524 522
2442 517 522
2443 530 523
2444 522 528
2445 525 515
2446 517 515
2447 511 516
2448 527 513
2449 524 513
2450 529 518
2451 523 527
2452 529 511
2453 523 527
2454 515 526
2455 512 517
2456 525 529
2457 530 527
2458 526 521
2459 521 518
2460 522 528
2461 523 528
2462 514 513
2463 524 516
2464 523 528
2465 530 513
2466 523 517
2467 522 526
2468 522 529
2469 530 523
2470 520 530
2471 528 528
2472 517 520
2473 523 528
2474 511 513
2475 528 523
2476 512 528
2477 522 512
2478 526 520
2479 513 526
2480 529 528
2481 514 522
2482 517 524
2483 519 520
2484 524 514
2485 528 524
2486 511 522
2487 526 513
2488 513 528
2489 511 515
2490 514 520
2491 524 519
2492 514 511
2493 522 523
2494 524 511
2495 524 527
2496 529 512
2497 514 525
2498 518 511
2499 513 527
2500 3 7
2501 19 1
2502 10 8
2503 6 2
2504 6 11
2505 6 8
2506 4 13
2507 7 19
2508 2 9
2509 16 18
2510 18 19
2511 17 1
2512 4 4
2513 7 16
2514 16 4
2515 18 15
2516 1 1
2517 5 13
2518 17 3
2519 16 16
2520 7 3
2521 6 17
2522 15 1
2523 6 8
2524 1 4
2525 16 6
2526 16 1
2527 10 16
2528 20 12
2529 19 13
2530 19 12
2531 3 4
2532 2 18
2533 4 12
2534 15 19
2535 6 5
2536 16 19
2537 1 9
2538 11 16
2539 20 8
2540 12 12
2541 8 5
2542 2 1
2543 17 2
2544 4 6
2545 7 2
2546 19 15
2547 12 11
2548 15 15
2549 6 1
2550 20 12
2551 17 11
2552 11 3
2553 10 9
2554 20 12
2555 1 3
2556 17 7
2557 15 6
2558 6 19
2559 12 11
2560 11 1
2561 19 12
2562 9 20
2563 8 13
2564 16 6
2565 14 17
2566 7 4
2567 6 7
2568 12 2
2569 2 6
2570 12 20
2571 9 15
2572 19 18
2573 8 7
2574 12 6
2575 3 16
2576 3 4
2577 13 13
2578 12 12
2579 4 19
2580 13 9
2581 13 10
2582 17 16
2583 8 17
2584 7 6
2585 1 13
2586 2 3
2587 20 17
2588 9 4
2589 15 17
2590 13 8
2591 19 12
2592 12 11
2593 7 12
2594 3 11
2595 19 6
2596 3 14
2597 11 14
2598 4 6
2599 8 10
2600 9 6
2601 17 8
2602 5 18
2603 3 5
2604 15 16
2605 12 7
2606 10 19
2607 18 18
2608 3 1
2609 15 11
2610 18 16
2611 13 11
2612 20 3
2613 20 13
2614 13 3
2615 19 10
2616 2 17
2617 17 15
2618 7 12
2619 18 1
2620 13 18
2621 17 9
2622 3 15
2623 6 16
2624 13 17
2625 8 19
2626 11 19
2627 1 17
2628 2 11
2629 10 9
2630 16 15
2631 9 11
2632 18 13
2633 9 1
2634 9 2
2635 17 1
2636 17 8
2637 18 13
2638 1 7
2639 14 6
2640 18 14
2641 1 14
2642 13 8
2643 15 12
2644 15 17
2645 19 8
2646 12 19
2647 1 5
2648 10 14
2649 5 18
2650 13 7
2651 13 12
2652 15 7
2653 10 8
2654 15 16
2655 13 3
2656 9 4
2657 18 19
2658 17 5
2659 5 14
2660 2 9
2661 15 7
2662 6 2
2663 10 13
2664 6 12
2665 9 9
2666 9 6
2667 2 16
2668 5 9
2669 20 2
2670 2 18
2671 12 12
2672 18 11
2673 15 8
2674 7 9
2675 9 18
2676 20 10
2677 2 13
2678 6 20
2679 5 17
2680 9 1
2681 9 1
2682 4 2
2683 4 20
2684 13 13
2685 6 6
2686 17 6
2687 14 9
2688 1 18
2689 15 9
2690 17 2
2691 12 16
2692 8 6
2693 14 15
2694 14 5
2695 11 4
2696 13 19
2697 18 8
2698 15 15
2699 11 14
2700 20 7
2701 4 12
2702 18 4
2703 4 9
2704 5 12
2705 11 13
2706 16 18
2707 8 1
2708 7 17
2709 7 2
2710 2 8
2711 3 19
2712 8 2
2713 17 7
2714 2 19
2715 17 10
2716 19 13
2717 14 9
2718 20 4
2719 12 2
2720 5 17
2721 7 10
2722 2 18
2723 19 5
2724 13 11
2725 17 7
2726 12 16
2727 8 15
2728 1 6
2729 9 18
2730 5 1
2731 11 4
2732 8 4
2733 9 8
2734 3 8
2735 16 13
2736 2 15
2737 9 16
2738 20 13
2739 9 8
2740 19 11
2741 5 16
2742 16 9
2743 19 2
2744 5 12
2745 5 18
2746 12 15
2747 13 17
2748 20 9
2749 16 11
2750 2 2
2751 18 13
2752 14 12
2753 19 14
2754 15 1
2755 9 20
2756 19 12
2757 16 1
2758 19 13
2759 12 19
2760 11 19
2761 10 17
2762 11 1
2763 14 15
2764 14 4
2765 13 10
2766 7 11
2767 12 12
2768 7 3
2769 19 8
2770 7 18
2771 13 20
2772 17 17
2773 12 13
2774 7 6
2775 2 1
2776 16 4
2777 1 5
2778 5 17
2779 6 15
2780 13 11
2781 3 2
2782 12 14
2783 11 1
2784 6 4
2785 11 2
2786 9 13
2787 17 16
2788 9 5
2789 14 2
2790 16 8
2791 12 12
2792 13 1
2793 11 19
2794 13 8
2795 14 15
2796 18 6
2797 11 12
2798 19 18
2799 2 19
2800 15 4
2801 1 14
2802 9 11
2803 14 18
2804 2 8
2805 11 15
2806 9 17
2807 5 10
2808 2 20
2809 3 18
2810 3 7
2811 4 6
2812 12 3
2813 5 6
2814 19 3
2815 13 8
2816 13 18
2817 15 20
2818 8 18
2819 18 16
2820 13 13
2821 17 12
2822 16 12
2823 12 16
2824 13 18
2825 3 14
2826 15 11
2827 3 10
2828 13 18
2829 16 6
2830 3 19
2831 13 4
2832 11 14
2833 1 17
2834 9 17
2835 15 17
2836 17 18
2837 18 13
2838 11 5
2839 13 14
2840 6 16
2841 13 2
2842 8 14
2843 5 6
2844 6 11
2845 20 18
2846 5 6
2847 7 15
2848 1 6
2849 16 6
2850 6 8
2851 16 4
2852 20 14
2853 4 7
2854 5 16
2855 15 12
2856 12 16
2857 2 12
2858 14 11
2859 2 2
2860 16 3
2861 13 12
2862 13 19
2863 10 18
2864 4 12
2865 4 16
2866 20 15
2867 6 8
2868 12 14
2869 15 8
2870 19 19
2871 1 11
2872 15 2
2873 16 2
2874 20 6
2875 2 5
2876 14 8
2877 15 18
2878 2 14
2879 1 10
2880 8 7
2881 17 4
2882 19 16
2883 9 5
2884 1 10
2885 13 8
2886 7 1
2887 3 16
2888 2 17
2889 16 4
2890 16 16
2891 20 9
2892 6 14
2893 9 1
2894 14 18
2895 8 6
2896 7 12
2897 7 10
2898 2 7
2899 19 10
2900 9 18
2901 13 4
2902 6 15
2903 19 4
2904 9 4
2905 20 16
2906 18 2
2907 13 8
2908 20 10
2909 19 20
2910 13 14
2911 5 13
2912 9 19
2913 11 12
2914 9 15
2915 17 14
2916 2 11
2917 14 19
2918 14 15
2919 15 2
2920 14 20
2921 13 16
2922 1 13
2923 16 6
2924 18 1
2925 9 14
2926 13 1
2927 8 7
2928 16 10
2929 19 5
2930 13 3
2931 8 10
2932 1 4
2933 8 14
2934 3 9
2935 8 8
2936 6 7
2937 8 13
2938 14 7
2939 1 18
2940 17 16
2941 8 12
2942 15 3
2943 11 8
2944 10 18
2945 14 16
2946 5 20
2947 13 15
2948 14 16
2949 15 5
2950 17 8
2951 9 20
2952 18 20
2953 9 17
2954 1 4
2955 11 13
2956 12 4
2957 20 20
2958 5 11
2959 15 1
2960 15 14
2961 5 9
2962 8 1
2963 19 13
2964 16 20
2965 16 8
2966 19 12
2967 18 8
2968 12 12
2969 3 5
2970 11 1
2971 7 16
2972 3 18
2973 1 13
2974 12 16
2975 15 20
2976 7 4
2977 1 4
2978 13 6
2979 12 17
2980 4 16
2981 2 17
2982 11 6
2983 16 20
2984 13 14
2985 2 18
2986 5 14
2987 12 6
2988 20 11
2989 3 2
2990 2 7
2991 19 15
2992 6 20
2993 17 2
2994 7 7
2995 18 8
2996 18 8
2997 7 11
2998 4 15
2999 2 8
3000 14 7
3001 17 19
3002 14 1
3003 12 10
3004 4 20
3005 1 14
3006 3 17
3007 6 4
3008 6 17
3009 9 11
3010 19 14
3011 14 17
3012 15 2
3013 4 12
3014 9 20
3015 3 8
3016 16 20
3017 12 3
3018 7 14
3019 19 17
3020 14 12
3021 8 11
3022 6 5
3023 17 6
3024 16 4
3025 9 13
3026 1 12
3027 16 16
3028 15 8
3029 19 1
3030 7 19
3031 2 17
3032 12 19
3033 12 5
3034 7 5
3035 7 2
3036 15 3
3037 8 2
3038 3 7
3039 12 8
3040 7 8
3041 7 12
3042 9 6
3043 13 2
3044 9 3
3045 5 12
3046 1 15
3047 15 6
3048 19 12
3049 3 19
3050 2 13
3051 17 9
3052 5 6
3053 7 16
3054 10 6
3055 1 2
3056 11 3
3057 13 13
3058 11 20
3059 13 14
3060 8 19
3061 3 11
3062 7 14
3063 15 5
3064 7 3
3065 1 5
3066 14 9
3067 2 1
3068 6 16
3069 6 18
3070 17 9
3071 15 12
3072 5 14
3073 5 11
3074 4 9
3075 5 8
3076 7 11
3077 2 5
3078 14 15
3079 4 4
3080 3 2
3081 3 14
3082 19 16
3083 18 10
3084 4 3
3085 16 19
3086 4 2
3087 4 20
3088 5 17
3089 3 19
3090 20 1
3091 19 6
3092 8 4
3093 12 1
3094 12 3
3095 14 6
3096 18 5
3097 8 19
3098 19 4
3099 6 13
3100 11 15
3101 1 14
3102 19 11
3103 5 10
3104 1 2
3105 16 5
3106 11 19
3107 13 12
3108 17 17
3109 1 17
3110 13 7
3111 14 4
3112 5 5
3113 4 3
3114 6 10
3115 10 17
3116 2 3
3117 17 8
3118 1 11
3119 15 6
3120 9 15
3121 18 6
3122 2 10
3123 17 20
3124 20 10
3125 20 10
3126 3 6
3127 14 11
3128 11 18
3129 4 2
3130 6 3
3131 9 17
3132 7 5
3133 15 20
3134 5 3
3135 17 2
3136 8 18
3137 20 19
3138 13 8
3139 11 19
3140 10 10
3141 14 3
3142 6 11
3143 10 15
3144 6 10
3145 5 20
3146 12 9
3147 2 4
3148 18 15
3149 9 19
3150 9 11
3151 13 4
3152 19 12
3153 3 12
3154 20 20
3155 2 18
3156 19 18
3157 11 17
3158 14 9
3159 15 2
3160 8 12
3161 9 12
3162 14 7
3163 20 20
3164 2 13
3165 8 8
3166 5 10
3167 2 20
3168 17 1
3169 14 18
3170 8 10
3171 19 9
3172 17 15
3173 12 7
3174 6 9
3175 10 5
3176 10 12
3177 4 10
3178 12 8
3179 9 18
3180 13 9
3181 10 3
3182 18 7
3183 6 19
3184 17 1
3185 13 7
3186 10 4
3187 4 14
3188 17 20
3189 10 17
3190 2 16
3191 11 14
3192 13 1
3193 13 14
3194 13 5
3195 14 2
3196 9 8
3197 20 1
3198 12 3
3199 7 10
3200 18 4
3201 20 10
3202 16 9
3203 3 16
3204 1 14
3205 2 10
3206 19 11
3207 15 18
3208 8 13
3209 15 19
3210 5 12
3211 8 20
3212 8 13
3213 1 17
3214 15 3
3215 1 1
3216 9 18
3217 19 3
3218 2 4
3219 6 5
3220 12 6
3221 7 3
3222 5 15
3223 5 3
3224 13 14
3225 1 19
3226 3 5
3227 15 17
3228 20 9
3229 14 7
3230 1 20
3231 8 9
3232 2 17
3233 2 9
3234 20 20
3235 3 19
3236 8 20
3237 10 2
3238 1 16
3239 16 4
3240 8 7
3241 11 3
3242 20 20
3243 10 10
3244 5 18
3245 10 20
3246 9 20
3247 11 3
3248 15 2
3249 11 7
3250 19 11
3251 9 15
3252 19 1
3253 6 13
3254 11 1
3255 14 1
3256 8 16
3257 18 1
3258 18 20
3259 15 13
3260 4 15
3261 1 16
3262 18 9
3263 18 12
3264 7 3
3265 2 4
3266 17 14
3267 7 14
3268 18 8
3269 2 2
3270 9 14
3271 20 8
3272 17 16
3273 1 7
3274 5 1
3275 15 1
3276 4 3
3277 17 14
3278 7 18
3279 18 19
3280 14 1
3281 9 6
3282 7 13
3283 14 8
3284 16 15
3285 2 11
3286 17 12
3287 13 2
3288 20 3
3289 2 2
3290 4 20
3291 3 10
3292 2 11
3293 14 11
3294 14 11
3295 7 10
3296 17 12
3297 7 20
3298 3 19
3299 7 10
3300 6 12
3301 1 2
3302 1 5
3303 8 2
3304 1 16
3305 12 2
3306 11 11
3307 16 17
3308 8 17
3309 6 1
3310 4 18
3311 17 6
3312 18 8
3313 10 11
3314 5 1
3315 17 19
3316 9 2
3317 3 9
3318 7 11
3319 16 13
3320 5 2
3321 20 7
3322 20 3
3323 12 15
3324 1 11
3325 10 11
3326 12 15
3327 13 1
3328 20 19
3329 13 14
3330 7 7
3331 14 5
3332 13 3
3333 19 20
3334 7 8
3335 17 6
3336 14 13
3337 15 20
3338 10 20
3339 9 16
3340 10 4
3341 15 2
3342 5 13
3343 4 17
3344 4 15
3345 17 6
3346 15 9
3347 18 13
3348 14 2
3349 7 16
3350 8 15
3351 15 16
3352 3 7
3353 20 1
3354 1 10
3355 16 5
3356 3 7
3357 13 7
3358 8 17
3359 6 14
3360 13 15
3361 3 15
3362 13 20
3363 20 18
3364 1 17
3365 16 11
3366 14 20
3367 2 8
3368 9 10
3369 5 16
3370 11 11
3371 5 16
3372 17 19
3373 10 2
3374 5 7
3375 14 16
3376 8 14
3377 5 17
3378 13 17
3379 12 15
3380 4 8
3381 15 2
3382 11 3
3383 3 20
3384 19 15
3385 9 18
3386 20 9
3387 17 4
3388 4 12
3389 11 10
3390 7 5
3391 8 2
3392 16 2
3393 8 7
3394 12 9
3395 3 3
3396 5 7
3397 18 8
3398 15 4
3399 12 5
3400 12 18
3401 2 6
3402 12 11
3403 1 13
3404 11 15
3405 10 13
3406 17 4
3407 8 5
3408 2 1
3409 2 3
3410 2 16
3411 15 2
3412 2 15
3413 10 17
3414 1 1
3415 8 2
3416 10 4
3417 18 13
3418 11 8
3419 10 11
3420 20 20
3421 5 5
3422 1 4
3423 12 10
3424 10 14
3425 1 16
3426 10 5
3427 6 3
3428 13 13
3429 19 14
3430 8 8
3431 8 9
3432 1 10
3433 4 19
3434 2 19
3435 4 9
3436 14 20
3437 11 15
3438 18 11
3439 12 11
3440 14 16
3441 1 19
3442 9 4
3443 7 20
3444 1 9
3445 7 18
3446 10 1
3447 10 4
3448 2 7
3449 2 12
3450 7 12
3451 17 2
3452 3 11
3453 19 12
3454 3 11
3455 15 16
3456 10 14
3457 20 20
3458 8 2
3459 8 17
3460 17 12
3461 3 13
3462 7 15
3463 2 20
3464 14 8
3465 15 15
3466 16 5
3467 2 10
3468 16 2
3469 13 7
3470 6 2
3471 16 3
3472 2 17
3473 6 18
3474 17 4
3475 16 6
3476 19 2
3477 15 19
3478 10 9
3479 2 3
3480 15 14
3481 15 10
3482 3 4
3483 19 16
3484 19 9
3485 8 14
3486 18 3
3487 19 8
3488 17 1
3489 5 20
3490 9 20
3491 10 10
3492 16 13
3493 15 17
3494 4 14
3495 20 13
3496 16 1
3497 16 2
3498 4 3
3499 7 15
3500 4 18
3501 5 14
3502 17 11
3503 17 13
3504 6 7
3505 12 2
3506 8 15
3507 17 16
3508 16 17
3509 6 5
3510 7 14
3511 14 6
3512 14 4
3513 11 18
3514 4 11
3515 16 10
3516 6 11
3517 10 10
3518 18 7
3519 13 3
3520 13 16
3521 18 5
3522 12 1
3523 3 5
3524 12 20
3525 10 3
3526 5 10
3527 16 6
3528 8 8
3529 10 17
3530 9 9
3531 2 9
3532 18 16
3533 9 20
3534 18 9
3535 12 19
3536 11 16
3537 6 17
3538 6 5
3539 13 12
3540 3 11
3541 8 18
3542 8 19
3543 6 20
3544 1 16
3545 3 17
3546 5 7
3547 12 10
3548 17 15
3549 10 17
3550 20 1
3551 5 14
3552 13 9
3553 10 1
3554 1 2
3555 11 2
3556 17 3
3557 3 18
3558 1 19
3559 12 14
3560 7 19
3561 4 9
3562 13 14
3563 10 12
3564 20 11
3565 16 17
3566 3 3
3567 11 11
3568 7 12
3569 11 7
3570 5 9
3571 11 6
3572 17 19
3573 20 6
3574 18 20
3575 18 18
3576 7 11
3577 2 18
3578 2 7
3579 9 15
3580 8 10
3581 17 4
3582 5 5
3583 15 7
3584 8 3
3585 12 12
3586 2 8
3587 3 16
3588 15 19
3589 5 11
3590 8 2
3591 16 3
3592 10 15
3593 4 9
3594 20 7
3595 2 9
3596 5 14
3597 18 1
3598 2 20
3599 16 13
3600 5 5
3601 15 18
3602 8 6
3603 10 20
3604 8 12
3605 2 20
3606 4 1
3607 19 1
3608 10 14
3609 6 20
3610 13 14
3611 17 20
3612 2 13
3613 2 9
3614 9 3
3615 20 2
3616 19 14
3617 2 13
3618 4 2
3619 15 15
3620 5 12
3621 3 12
3622 9 6
3623 13 10
3624 13 4
3625 20 6
3626 1 2
3627 9 10
3628 10 7
3629 10 15
3630 16 10
3631 17 14
3632 13 10
3633 1 18
3634 17 9
3635 5 6
3636 16 2
3637 8 18
3638 11 18
3639 15 14
3640 14 7
3641 20 11
3642 1 7
3643 6 20
3644 20 7
3645 6 17
3646 7 13
3647 17 17
3648 6 18
3649 5 6
3650 18 7
3651 7 3
3652 9 5
3653 2 1
3654 8 13
3655 6 10
3656 6 9
3657 12 17
3658 5 6
3659 8 7
3660 6 17
3661 2 15
3662 7 12
3663 14 16
3664 8 16
3665 18 3
3666 5 6
3667 11 6
3668 16 14
3669 14 7
3670 5 10
3671 3 4
3672 9 1
3673 13 4
3674 20 4
3675 16 11
3676 17 17
3677 10 9
3678 18 16
3679 19 10
3680 7 19
3681 14 18
3682 5 6
3683 8 9
3684 2 19
3685 2 10
3686 16 16
3687 16 3
3688 16 16
3689 2 7
3690 7 5
3691 11 7
3692 12 11
3693 7 11
3694 19 12
3695 5 11
3696 10 2
3697 1 6
3698 2 13
3699 10 10
3700 8 8
3701 12 8
3702 3 11
3703 14 9
3704 13 8
3705 2 7
3706 6 13
3707 7 10
3708 13 8
3709 11 11
3710 12 17
3711 1 19
3712 12 7
3713 20 3
3714 2 11
3715 12 1
3716 7 17
3717 10 18
3718 3 14
3719 3 5
3720 13 14
3721 7 13
3722 1 3
3723 6 20
3724 10 19
3725 8 5
3726 17 2
3727 3 20
3728 6 17
3729 18 7
3730 2 18
3731 3 7
3732 9 6
3733 20 2
3734 13 20
3735 20 9
3736 10 10
3737 8 14
3738 5 3
3739 19 14
3740 11 4
3741 12 12
3742 14 4
3743 14 4
3744 1 14
3745 14 8
3746 3 12
3747 20 19
3748 18 4
3749 15 14
3750 1 12
3751 2 6
3752 18 2
3753 8 12
3754 20 19
3755 15 14
3756 16 17
3757 16 3
3758 18 18
3759 11 17
3760 16 3
3761 16 2
3762 11 18
3763 17 2
3764 9 7
3765 13 15
3766 7 3
3767 13 13
3768 19 10
3769 1 12
3770 15 17
3771 19 17
3772 9 4
3773 14 15
3774 15 15
3775 8 16
3776 2 10
3777 3 17
3778 8 19
3779 17 4
3780 18 3
3781 20 12
3782 9 5
3783 19 14
3784 18 2
3785 10 7
3786 14 4
3787 9 5
3788 1 5
3789 9 4
3790 14 4
3791 16 5
3792 20 2
3793 8 17
3794 8 17
3795 19 2
3796 20 5
3797 17 17
3798 11 15
3799 9 5
3800 12 4
3801 20 17
3802 5 20
3803 19 17
3804 3 3
3805 11 14
3806 6 20
3807 13 10
3808 18 13
3809 16 6
3810 17 8
3811 10 9
3812 5 11
3813 6 14
3814 10 1
3815 18 7
3816 7 15
3817 17 3
3818 20 7
3819 8 13
3820 18 18
3821 7 17
3822 13 15
3823 5 6
3824 7 13
3825 8 5
3826 3 18
3827 13 11
3828 20 19
3829 13 9
3830 17 12
3831 17 18
3832 19 11
3833 17 1
3834 3 9
3835 17 19
3836 12 9
3837 2 9
3838 16 5
3839 10 6
3840 19 12
3841 17 14
3842 10 8
3843 1 6
3844 5 9
3845 2 1
3846 7 10
3847 11 2
3848 3 17
3849 10 7
3850 8 15
3851 10 12
3852 12 1
3853 5 18
3854 16 9
3855 2 1
3856 9 4
3857 5 4
3858 13 16
3859 13 12
3860 18 4
3861 13 1
3862 13 12
3863 10 1
3864 17 13
3865 13 8
3866 15 12
3867 13 5
3868 5 9
3869 18 11
3870 14 13
3871 12 14
3872 11 1
3873 14 1
3874 6 13
3875 15 8
3876 19 12
3877 13 12
3878 12 15
3879 9 3
3880 17 19
3881 9 13
3882 20 12
3883 5 8
3884 5 2
3885 15 14
3886 8 20
3887 12 17
3888 14 6
3889 11 17
3890 18 16
3891 11 16
3892 7 7
3893 6 6
3894 16 9
3895 14 14
3896 3 4
3897 18 18
3898 9 18
3899 13 8
3900 12 20
3901 6 3
3902 7 11
3903 13 19
3904 12 7
3905 20 9
3906 16 15
3907 14 11
3908 11 13
3909 16 11
3910 1 9
3911 10 5
3912 11 10
3913 4 7
3914 9 12
3915 18 4
3916 14 2
3917 15 14
3918 17 10
3919 7 4
3920 7 15
3921 15 1
3922 17 20
3923 20 9
3924 3 8
3925 7 1
3926 10 17
3927 13 19
3928 16 6
3929 1 9
3930 2 5
3931 18 9
3932 5 6
3933 17 11
3934 16 6
3935 8 3
3936 8 20
3937 13 20
3938 15 4
3939 18 9
3940 1 20
3941 2 17
3942 17 16
3943 9 17
3944 19 16
3945 18 16
3946 11 20
3947 13 14
3948 19 18
3949 1 15
3950 11 4
3951 1 20
3952 18 8
3953 3 3
3954 14 19
3955 19 18
3956 8 6
3957 13 18
3958 4 12
3959 16 12
3960 6 13
3961 8 6
3962 6 13
3963 16 19
3964 5 2
3965 2 15
3966 19 14
3967 10 1
3968 11 16
3969 10 3
3970 18 3
3971 17 20
3972 17 9
3973 16 6
3974 10 11
3975 17 15
3976 20 14
3977 16 6
3978 2 11
3979 20 10
3980 5 6
3981 5 12
3982 15 6
3983 19 7
3984 9 13
3985 5 5
3986 19 1
3987 6 5
3988 13 17
3989 4 5
3990 17 16
3991 17 7
3992 6 14
3993 8 18
3994 14 16
3995 17 19
3996 17 3
3997 19 18
3998 12 11
3999 19 4
4000 9 4
4001 7 3
4002 18 13
4003 3 20
4004 3 18
4005 9 7
4006 6 2
4007 11 1
4008 20 10
4009 4 4
4010 2 10
4011 2 18
4012 3 20
4013 16 12
4014 16 16
4015 10 5
4016 10 5
4017 7 8
4018 12 11
4019 11 11
4020 3 1
4021 14 11
4022 15 12
4023 1 12
4024 8 9
4025 12 1
4026 11 15
4027 15 19
4028 9 1
4029 18 6
4030 9 17
4031 16 6
4032 19 19
4033 7 11
4034 17 16
4035 16 1
4036 9 4
4037 10 14
4038 15 3
4039 3 4
4040 4 7
4041 7 8
4042 2 13
4043 15 17
4044 15 11
4045 2 6
4046 7 12
4047 15 6
4048 9 19
4049 14 9
4050 20 9
4051 11 3
4052 5 5
4053 17 3
4054 16 12
4055 11 17
4056 6 20
4057 16 10
4058 10 9
4059 20 4
4060 15 15
4061 15 4
4062 3 5
4063 9 15
4064 2 19
4065 18 20
4066 13 2
4067 1 5
4068 14 16
4069 2 2
4070 1 1
4071 4 13
4072 5 1
4073 16 13
4074 11 7
4075 16 5
4076 3 5
4077 19 3
4078 15 8
4079 3 3
4080 1 10
4081 7 18
4082 5 16
4083 17 16
4084 13 7
4085 6 7
4086 13 10
4087 10 4
4088 6 13
4089 17 14
4090 16 8
4091 11 17
4092 17 20
4093 18 5
4094 9 9
4095 2 4
4096 14 14
4097 15 11
4098 19 17
4099 5 10
4100 11 11
4101 4 2
4102 4 17
4103 16 18
4104 3 8
4105 8 4
4106 13 16
4107 18 8
4108 9 15
4109 7 13
4110 20 7
4111 10 3
4112 6 18
4113 4 7
4114 18 12
4115 1 19
4116 17 6
4117 8 19
4118 11 2
4119 15 6
4120 3 8
4121 16 17
4122 20 12
4123 20 2
4124 5 9
4125 5 14
4126 7 7
4127 9 18
4128 13 17
4129 6 11
4130 15 5
4131 2 2
4132 20 15
4133 3 4
4134 15 15
4135 15 14
4136 19 7
4137 12 9
4138 3 20
4139 14 13
4140 5 2
4141 15 18
4142 14 20
4143 6 4
4144 4 18
4145 2 19
4146 9 14
4147 10 14
4148 8 11
4149 10 20
4150 11 16
4151 10 5
4152 14 5
4153 10 14
4154 9 8
4155 4 9
4156 9 4
4157 5 20
4158 18 16
4159 11 5
4160 8 7
4161 17 6
4162 16 19
4163 15 20
4164 13 10
4165 11 8
4166 15 18
4167 15 2
4168 12 15
4169 19 14
4170 5 18
4171 14 2
4172 12 5
4173 9 16
4174 3 20
4175 16 4
4176 19 5
4177 9 3
4178 16 10
4179 1 1
4180 18 4
4181 12 3
4182 4 17
4183 14 3
4184 14 18
4185 12 12
4186 17 18
4187 8 5
4188 14 5
4189 2 20
4190 8 14
4191 15 3
4192 3 4
4193 1 12
4194 14 19
4195 8 6
4196 5 15
4197 1 14
4198 2 11
4199 4 15
4200 7 18
4201 12 2
4202 5 1
4203 19 16
4204 20 10
4205 6 18
4206 8 10
4207 9 4
4208 8 18
4209 9 17
4210 11 7
4211 14 8
4212 2 4
4213 20 13
4214 20 8
4215 11 15
4216 6 4
4217 11 4
4218 20 17
4219 10 13
4220 3 14
4221 11 5
4222 18 11
4223 1 7
4224 4 12
4225 1 8
4226 15 4
4227 2 18
4228 15 15
4229 18 15
4230 3 14
4231 10 19
4232 2 15
4233 9 15
4234 12 20
4235 8 16
4236 5 6
4237 3 5
4238 18 8
4239 2 7
4240 20 2
4241 11 13
4242 2 15
4243 15 4
4244 3 9
4245 12 9
4246 1 10
4247 7 5
4248 8 12
4249 4 10
4250 5 7
4251 14 3
4252 1 3
4253 3 10
4254 2 7
4255 5 1
4256 9 14
4257 3 8
4258 12 2
4259 14 15
4260 15 7
4261 11 18
4262 19 7
4263 3 7
4264 4 9
4265 1 16
4266 16 8
4267 14 1
4268 16 3
4269 12 15
4270 8 7
4271 16 15
4272 18 17
4273 10 11
4274 6 6
4275 11 20
4276 18 4
4277 15 1
4278 18 12
4279 7 16
4280 19 6
4281 9 3
4282 13 16
4283 3 7
4284 6 6
4285 5 19
4286 7 19
4287 7 16
4288 10 18
4289 5 15
4290 9 11
4291 14 16
4292 18 16
4293 18 13
4294 14 4
4295 9 19
4296 15 2
4297 19 14
4298 15 6
4299 8 9
4300 2 19
4301 16 11
4302 9 10
4303 7 10
4304 4 12
4305 16 17
4306 14 20
4307 5 20
4308 11 10
4309 12 15
4310 9 17
4311 8 13
4312 6 10
4313 8 14
4314 6 2
4315 4 6
4316 3 4
4317 16 1
4318 17 7
4319 7 9
4320 18 20
4321 16 8
4322 17 20
4323 18 14
4324 16 2
4325 6 3
4326 8 18
4327 10 7
4328 2 15
4329 13 17
4330 8 18
4331 19 20
4332 6 14
4333 1 11
4334 7 5
4335 16 6
4336 6 17
4337 5 8
4338 4 9
4339 1 17
4340 19 19
4341 13 12
4342 5 4
4343 7 15
4344 19 19
4345 3 10
4346 6 20
4347 5 3
4348 12 10
4349 7 3
4350 13 9
4351 14 19
4352 2 5
4353 11 11
4354 4 19
4355 2 19
4356 6 9
4357 12 8
4358 13 2
4359 6 2
4360 12 8
4361 12 17
4362 15 7
4363 13 17
4364 6 11
4365 14 1
4366 14 2
4367 11 6
4368 7 13
4369 2 3
4370 11 19
4371 7 20
4372 15 8
4373 14 12
4374 3 18
4375 2 13
4376 14 7
4377 5 8
4378 10 3
4379 10 19
4380 1 5
4381 20 6
4382 11 17
4383 13 13
4384 6 18
4385 20 11
4386 7 1
4387 3 8
4388 3 15
4389 5 8
4390 16 19
4391 10 17
4392 11 16
4393 2 6
4394 20 1
4395 14 20
4396 12 17
4397 13 6
4398 11 7
4399 12 9
4400 18 5
4401 5 15
4402 3 6
4403 17 15
4404 3 7
4405 16 16
4406 16 2
4407 12 4
4408 14 10
4409 16 18
4410 15 17
4411 14 9
4412 16 8
4413 2 17
4414 3 8
4415 17 9
4416 9 6
4417 2 8
4418 10 9
4419 17 8
4420 6 6
4421 2 18
4422 9 5
4423 17 7
4424 18 20
4425 14 12
4426 6 16
4427 12 11
4428 19 15
4429 11 1
4430 6 6
4431 15 8
4432 14 10
4433 6 13
4434 3 6
4435 12 2
4436 15 3
4437 16 9
4438 12 15
4439 1 12
4440 14 9
4441 15 12
4442 19 1
4443 19 8
4444 15 18
4445 9 20
4446 14 12
4447 18 7
4448 1 4
4449 17 10
4450 15 12
4451 4 2
4452 17 3
4453 3 6
4454 7 5
4455 2 14
4456 11 14
4457 7 12
4458 12 4
4459 1 8
4460 12 12
4461 7 4
4462 12 16
4463 3 9
4464 1 14
4465 11 11
4466 12 17
4467 16 7
4468 16 4
4469 7 15
4470 2 7
4471 10 18
4472 5 20
4473 9 17
4474 1 12
4475 7 8
4476 11 11
4477 13 15
4478 19 6
4479 12 11
4480 6 10
4481 6 18
4482 14 20
4483 18 18
4484 15 13
4485 10 8
4486 16 10
4487 2 10
4488 16 2
4489 5 15
4490 14 14
4491 17 2
4492 17 12
4493 10 11
4494 19 6
4495 9 2
4496 13 8
4497 5 2
4498 9 6
4499 3 11
4500 13 8
4501 3 12
4502 16 3
4503 3 18
4504 10 8
4505 13 15
4506 3 11
4507 6 2
4508 2 5
4509 6 3
4510 6 11
4511 6 13
4512 9 17
4513 10 17
4514 12 20
4515 9 11
4516 3 10
4517 5 9
4518 9 18
4519 5 10
4520 5 2
4521 4 6
4522 4 9
4523 6 20
4524 17 1
4525 6 20
4526 15 14
4527 10 8
4528 10 14
4529 20 3
4530 1 12
4531 19 1
4532 3 4
4533 14 19
4534 17 11
4535 19 15
4536 11 18
4537 18 19
4538 16 7
4539 4 19
4540 2 2
4541 7 10
4542 9 2
4543 18 3
4544 9 10
4545 16 16
4546 16 16
4547 17 14
4548 4 5
4549 5 4
4550 12 20
4551 5 2
4552 14 2
4553 8 20
4554 8 14
4555 17 15
4556 19 10
4557 1 16
4558 9 16
4559 10 5
4560 7 4
4561 15 18
4562 19 16
4563 11 16
4564 7 17
4565 15 20
4566 14 13
4567 18 7
4568 20 19
4569 15 13
4570 7 1
4571 14 9
4572 6 9
4573 11 17
4574 11 2
4575 16 18
4576 4 3
4577 11 19
4578 5 9
4579 9 16
4580 14 18
4581 19 13
4582 8 10
4583 17 20
4584 8 7
4585 1 16
4586 13 14
4587 19 15
4588 18 14
4589 12 13
4590 9 13
4591 14 8
4592 1 9
4593 11 2
4594 4 12
4595 8 2
4596 6 5
4597 7 20
4598 1 7
4599 5 19
4600 8 19
4601 1 2
4602 17 19
4603 7 13
4604 5 6
4605 19 11
4606 11 13
4607 13 8
4608 19 12
4609 14 19
4610 16 10
4611 6 12
4612 18 16
4613 4 17
4614 12 4
4615 18 10
4616 5 10
4617 11 15
4618 14 12
4619 18 4
4620 12 1
4621 7 2
4622 20 11
4623 11 1
4624 14 4
4625 8 1
4626 4 10
4627 20 6
4628 14 11
4629 7 5
4630 5 16
4631 17 7
4632 3 15
4633 4 13
4634 6 10
4635 3 20
4636 10 6
4637 5 10
4638 14 10
4639 9 8
4640 15 2
4641 1 3
4642 15 9
4643 16 3
4644 8 3
4645 1 7
4646 18 11
4647 17 3
4648 1 18
4649 2 4
4650 12 8
4651 20 1
4652 14 20
4653 13 5
4654 18 1
4655 10 6
4656 2 20
4657 14 20
4658 11 17
4659 4 15
4660 18 13
4661 7 10
4662 8 18
4663 1 10
4664 2 18
4665 1 6
4666 9 1
4667 19 2
4668 13 19
4669 6 10
4670 2 11
4671 9 5
4672 20 5
4673 14 15
4674 11 17
4675 13 13
4676 19 18
4677 10 8
4678 9 17
4679 1 5
4680 9 16
4681 20 16
4682 4 10
4683 14 8
4684 10 9
4685 10 8
4686 7 17
4687 13 13
4688 4 5
4689 17 6
4690 8 4
4691 9 10
4692 12 7
4693 10 3
4694 1 11
4695 20 8
4696 16 4
4697 13 13
4698 2 12
4699 12 10
4700 11 15
4701 1 9
4702 5 19
4703 13 5
4704 18 3
4705 16 8
4706 18 16
4707 16 16
4708 9 1
4709 10 12
4710 14 8
4711 18 19
4712 4 4
4713 7 5
4714 12 5
4715 14 8
4716 2 1
4717 11 15
4718 3 20
4719 12 3
4720 14 4
4721 11 1
4722 5 8
4723 5 11
4724 15 7
4725 18 10
4726 16 2
4727 15 16
4728 20 18
4729 16 3
4730 17 3
4731 4 5
4732 17 10
4733 11 8
4734 16 19
4735 16 7
4736 2 8
4737 19 6
4738 16 6
4739 11 5
4740 6 9
4741 8 10
4742 15 16
4743 7 18
4744 7 19
4745 13 4
4746 12 2
4747 12 16
4748 4 12
4749 13 6
4750 10 16
4751 6 10
4752 11 18
4753 3 5
4754 18 13
4755 3 1
4756 16 14
4757 5 13
4758 15 3
4759 20 5
4760 13 3
4761 19 1
4762 10 16
4763 13 9
4764 20 3
4765 1 7
4766 3 4
4767 2 9
4768 8 2
4769 16 11
4770 2 17
4771 1 1
4772 12 6
4773 8 16
4774 16 15
4775 14 18
4776 2 6
4777 13 10
4778 17 16
4779 15 15
4780 19 14
4781 11 10
4782 18 6
4783 20 19
4784 6 4
4785 17 13
4786 17 20
4787 10 15
4788 7 14
4789 14 17
4790 12 3
4791 20 11
4792 4 14
4793 3 20
4794 1 8
4795 6 9
4796 1 20
4797 9 20
4798 19 14
4799 17 2
4800 10 19
4801 6 3
4802 16 15
4803 18 7
4804 16 9
4805 3 19
4806 20 6
4807 5 20
4808 12 11
4809 17 5
4810 11 2
4811 16 19
4812 3 11
4813 8 8
4814 20 10
4815 8 12
4816 20 2
4817 11 16
4818 12 18
4819 20 2
4820 15 9
4821 20 16
4822 17 14
4823 1 5
4824 6 2
4825 8 18
4826 20 19
4827 17 5
4828 3 3
4829 6 6
4830 17 20
4831 19 12
4832 10 3
4833 10 13
4834 12 15
4835 5 19
4836 13 1
4837 2 3
4838 15 6
4839 19 20
4840 13 15
4841 14 5
4842 9 15
4843 20 6
4844 8 15
4845 15 9
4846 10 5
4847 15 17
4848 19 18
4849 8 20
4850 9 9
4851 4 18
4852 11 9
4853 20 17
4854 14 19
4855 6 16
4856 18 15
4857 12 2
4858 18 15
4859 11 4
4860 4 6
4861 12 2
4862 20 8
4863 17 5
4864 1 20
4865 7 10
4866 6 1
4867 3 4
4868 12 4
4869 18 2
4870 19 14
4871 2 14
4872 12 10
4873 2 14
4874 18 16
4875 15 2
4876 15 14
4877 15 10
4878 17 11
4879 20 1
4880 14 1
4881 1 7
4882 5 20
4883 18 16
4884 16 10
4885 5 5
4886 13 15
4887 9 2
4888 6 15
4889 8 7
4890 14 6
4891 12 2
4892 1 12
4893 3 1
4894 7 11
4895 4 14
4896 5 15
4897 18 2
4898 15 18
4899 2 10
4900 13 3
4901 18 2
4902 14 5
4903 11 20
4904 8 12
4905 6 4
4906 7 1
4907 15 6
4908 14 14
4909 6 20
4910 3 4
4911 20 9
4912 14 7
4913 1 7
4914 12 9
4915 1 14
4916 12 9
4917 7 18
4918 6 14
4919 8 13
4920 14 18
4921 7 19
4922 20 12
4923 13 17
4924 20 4
4925 19 17
4926 2 18
4927 20 5
4928 7 10
4929 16 2
4930 5 19
4931 19 14
4932 19 12
4933 1 5
4934 12 20
4935 19 19
4936 6 13
4937 1 6
4938 20 2
4939 3 13
4940 20 9
4941 9 13
4942 17 16
4943 6 17
4944 11 13
4945 18 3
4946 9 10
4947 9 7
4948 6 18
4949 4 20
4950 10 8
4951 2 11
4952 14 6
4953 10 16
4954 9 10
4955 14 14
4956 17 9
4957 18 5
4958 2 6
4959 14 19
4960 9 9
4961 11 6
4962 6 1
4963 14 18
4964 12 9
4965 15 18
4966 3 5
4967 2 8
4968 5 5
4969 17 5
4970 20 7
4971 4 16
4972 10 13
4973 7 13
4974 2 9
4975 8 19
4976 18 4
4977 6 10
4978 7 2
4979 17 13
4980 3 10
4981 6 11
4982 7 13
4983 11 14
4984 10 14
4985 13 9
4986 10 19
4987 8 16
4988 18 20
4989 2 7
4990 3 14
4991 15 8
4992 18 5
4993 10 18
4994 19 20
4995 2 11
4996 9 9
4997 16 4
4998 2 7
4999 3 13
10000
