5000
0 518 516
1 511 523
2 530 523
3 524 514
4 524 523
5 511 515
6 524 522
7 521 527
8 526 521
9 512 526
10 523 518
11 526 515
12 516 521
13 526 529
14 524 529
15 529 513
16 516 517
17 525 516
18 522 521
19 518 526
20 526 528
21 526 513
22 513 523
23 517 526
24 513 525
25 513 528
26 511 512
27 527 519
28 529 526
29 522 524
30 517 520
31 517 514
32 526 524
33 529 512
34 517 517
35 520 528
36 525 527
37 527 529
38 514 513
39 511 526
40 514 520
41 525 526
42 523 515
43 527 522
44 524 522
45 521 524
46 516 518
47 520 516
48 523 521
49 530 516
50 518 517
51 519 519
52 527 528
53 525 520
54 516 529
55 528 526
56 524 517
57 516 513
58 514 516
59 524 524
60 528 511
61 525 515
62 512 518
63 512 523
64 530 527
65 526 529
66 514 525
67 527 513
68 523 518
69 528 515
70 511 517
71 529 526
72 518 516
73 521 522
74 524 523
75 517 519
76 521 522
77 514 523
78 526 525
79 522 530
80 512 521
81 521 522
82 513 524
83 526 526
84 516 524
85 514 513
86 520 525
87 513 519
88 513 513
89 521 519
90 514 516
91 517 518
92 522 511
93 513 515
94 530 527
95 522 523
96 522 525
97 523 514
98 524 518
99 517 512
100 529 523
101 511 513
102 526 511
103 523 517
104 526 527
105 512 515
106 521 523
107 514 513
108 521 514
109 522 519
110 515 528
111 526 516
112 516 523
113 528 528
114 513 528
115 528 513
116 512 521
117 520 512
118 515 520
119 516 527
120 515 530
121 511 525
122 526 522
123 520 516
124 514 524
125 516 521
126 516 522
127 511 518
128 525 523
129 524 523
130 529 524
131 520 518
132 514 513
133 517 523
134 524 525
135 529 516
136 514 520
137 521 523
138 528 521
139 530 529
140 518 525
141 523 522
142 524 527
143 511 528
144 529 518
145 521 515
146 514 525
147 511 515
148 522 514
149 516 516
150 518 519
151 514 521
152 514 525
153 514 526
154 520 524
155 517 526
156 528 523
157 521 529
158 511 523
159 522 514
160 525 517
161 517 519
162 529 525
163 517 520
164 524 517
165 530 513
166 516 520
167 521 522
168 516 515
169 512 526
170 523 514
171 522 527
172 522 521
173 511 528
174 518 511
175 528 519
176 511 511
177 518 517
178 523 518
179 526 514
180 529 525
181 516 516
182 526 511
183 528 529
184 529 529
185 528 530
186 524 523
187 517 523
188 517 529
189 515 513
190 527 518
191 528 527
192 514 527
193 527 514
194 515 529
195 521 513
196 523 520
197 522 512
198 517 526
199 518 528
200 514 524
201 521 522
202 514 522
203 514 529
204 513 511
205 516 524
206 518 517
207 515 513
208 529 512
209 511 530
210 515 512
211 525 519
212 528 514
213 527 520
214 524 516
215 519 523
216 521 520
217 513 526
218 516 527
219 514 529
220 525 513
221 527 519
222 512 519
223 528 513
224 515 528
225 529 529
226 514 527
227 521 514
228 511 517
229 513 512
230 523 527
231 529 512
232 530 513
233 520 527
234 530 515
235 528 527
236 514 523
237 511 520
238 527 512
239 514 514
240 515 516
241 520 521
242 524 523
243 517 525
244 530 527
245 524 514
246 525 520
247 514 515
248 517 517
249 526 528
250 516 514
251 516 530
252 520 513
253 512 525
254 518 529
255 529 515
256 517 530
257 525 523
258 517 513
259 529 524
260 529 529
261 520 526
262 530 529
263 515 523
264 511 518
265 513 529
266 516 524
267 521 530
268 511 513
269 526 523
270 530 526
271 525 511
272 521 511
273 511 518
274 526 527
275 523 524
276 528 519
277 516 523
278 521 517
279 523 515
280 520 511
281 514 529
282 525 514
283 530 518
284 511 524
285 530 514
286 525 511
287 527 521
288 523 516
289 517 524
290 512 527
291 526 520
292 528 527
293 529 516
294 519 512
295 513 521
296 529 519
297 517 526
298 528 520
299 523 513
300 519 522
301 514 527
302 524 524
303 519 513
304 529 516
305 523 527
306 527 516
307 515 523
308 512 530
309 521 518
310 513 528
311 516 518
312 522 515
313 525 524
314 530 527
315 529 514
316 526 511
317 517 514
318 525 522
319 527 515
320 525 519
321 528 514
322 526 514
323 519 530
324 526 520
325 513 529
326 520 517
327 525 527
328 526 521
329 523 526
330 523 524
331 516 514
332 526 530
333 528 524
334 513 530
335 517 518
336 519 526
337 513 520
338 525 520
339 524 512
340 516 526
341 525 511
342 516 514
343 517 518
344 515 527
345 529 530
346 524 528
347 530 515
348 527 530
349 512 516
350 519 515
351 513 524
352 529 522
353 525 521
354 512 511
355 526 518
356 530 530
357 512 528
358 530 511
359 517 513
360 512 523
361 528 530
362 518 525
363 517 511
364 522 528
365 514 526
366 522 520
367 521 521
368 526 525
369 513 527
370 526 516
371 520 521
372 527 524
373 523 527
374 526 520
375 515 527
376 521 515
377 528 525
378 515 518
379 530 512
380 527 522
381 529 523
382 520 526
383 522 526
384 521 523
385 526 511
386 519 519
387 529 513
388 518 511
389 525 515
390 525 526
391 529 522
392 530 517
393 516 518
394 524 513
395 529 526
396 521 518
397 525 517
398 524 523
399 526 522
400 519 519
401 529 524
402 520 524
403 528 520
404 523 522
405 518 525
406 514 529
407 512 515
408 517 515
409 512 518
410 511 525
411 512 529
412 522 519
413 519 527
414 524 515
415 519 517
416 511 519
417 524 511
418 521 518
419 522 517
420 521 511
421 516 516
422 515 523
423 528 521
424 527 520
425 518 528
426 525 519
427 511 530
428 518 522
429 517 525
430 524 513
431 513 519
432 512 528
433 522 522
434 527 529
435 514 513
436 530 514
437 516 515
438 523 519
439 527 513
440 521 517
441 529 528
442 514 513
443 512 516
444 512 516
445 517 523
446 520 526
447 528 525
448 527 526
449 529 514
450 511 514
451 511 517
452 517 523
453 529 522
454 530 520
455 515 515
456 513 529
457 528 511
458 517 523
459 527 527
460 519 516
461 513 527
462 519 513
463 521 514
464 528 512
465 512 520
466 526 524
467 529 522
468 516 525
469 529 525
470 526 515
471 521 517
472 529 514
473 519 524
474 523 521
475 522 516
476 518 514
477 526 516
478 519 522
479 519 526
480 512 517
481 529 519
482 530 513
483 512 517
484 516 523
485 526 519
486 512 521
487 515 525
488 517 523
489 520 513
490 527 530
491 513 514
492 512 522
493 520 521
494 512 516
495 520 526
496 518 528
497 519 520
498 522 521
499 517 521
500 511 517
501 523 515
502 521 523
503 524 514
504 516 513
505 516 528
506 511 524
507 524 515
508 527 522
509 516 515
510 516 526
511 529 512
512 514 512
513 522 511
514 523 530
515 521 530
516 520 521
517 528 515
518 526 527
519 527 523
520 522 517
521 524 521
522 526 527
523 516 518
524 516 523
525 513 515
526 522 518
527 529 523
528 511 515
529 530 520
530 522 523
531 516 526
532 519 530
533 527 511
534 528 514
535 511 522
536 516 526
537 517 530
538 516 511
539 512 512
540 518 517
541 530 516
542 527 511
543 522 528
544 519 514
545 528 514
546 516 517
547 518 521
548 523 522
549 523 516
550 522 521
551 520 516
552 522 518
553 521 519
554 512 513
555 519 514
556 520 517
557 511 512
558 520 527
559 511 528
560 523 524
561 528 529
562 515 521
563 525 529
564 530 513
565 529 526
566 525 520
567 515 519
568 512 518
569 513 512
570 517 516
571 524 513
572 514 526
573 528 520
574 514 528
575 519 518
576 528 526
577 526 524
578 520 525
579 511 525
580 518 513
581 525 518
582 519 526
583 525 528
584 527 521
585 530 514
586 513 528
587 524 528
588 517 530
589 517 511
590 527 519
591 523 527
592 514 511
593 519 515
594 515 518
595 516 519
596 521 527
597 523 523
598 518 513
599 516 529
600 515 525
601 530 516
602 522 529
603 511 519
604 528 524
605 525 520
606 525 514
607 522 520
608 523 516
609 518 529
610 524 527
611 526 517
612 519 525
613 524 520
614 523 511
615 524 526
616 528 512
617 528 529
618 518 512
619 516 525
620 520 530
621 511 517
622 514 521
623 518 511
624 527 523
625 521 521
626 521 516
627 525 514
628 516 517
629 521 526
630 527 522
631 522 518
632 528 528
633 528 522
634 513 517
635 516 522
636 517 520
637 520 530
638 517 526
639 524 515
640 524 525
641 511 530
642 530 511
643 518 521
644 529 516
645 519 517
646 513 515
647 516 518
648 516 511
649 517 511
650 517 517
651 512 513
652 526 512
653 519 527
654 516 511
655 517 519
656 519 519
657 516 515
658 530 523
659 518 514
660 517 529
661 517 529
662 511 522
663 526 526
664 515 525
665 526 527
666 523 530
667 513 524
668 527 516
669 520 511
670 530 524
671 515 527
672 518 522
673 530 525
674 522 528
675 514 528
676 522 529
677 511 519
678 525 513
679 525 524
680 512 516
681 529 530
682 527 514
683 520 519
684 528 520
685 524 514
686 512 529
687 512 524
688 526 520
689 520 516
690 520 524
691 512 517
692 527 526
693 520 523
694 524 522
695 518 512
696 520 528
697 515 527
698 515 511
699 513 529
700 526 519
701 517 527
702 513 518
703 524 530
704 518 515
705 525 511
706 522 521
707 526 522
708 512 527
709 512 529
710 512 511
711 527 523
712 520 518
713 518 528
714 512 512
715 527 525
716 527 521
717 529 523
718 517 519
719 520 512
720 512 523
721 524 518
722 530 516
723 524 513
724 528 514
725 512 522
726 516 522
727 526 515
728 528 529
729 525 530
730 511 511
731 518 528
732 518 517
733 528 518
734 522 518
735 526 523
736 522 528
737 521 522
738 511 518
739 513 517
740 516 512
741 513 520
742 525 523
743 511 525
744 513 514
745 512 516
746 523 523
747 517 522
748 513 514
749 524 513
750 528 516
751 520 512
752 511 514
753 522 521
754 515 529
755 530 519
756 519 513
757 518 524
758 515 530
759 518 530
760 519 519
761 514 514
762 521 522
763 518 512
764 522 518
765 530 514
766 521 529
767 519 514
768 512 518
769 518 517
770 522 523
771 524 530
772 524 517
773 515 515
774 527 521
775 522 512
776 519 519
777 513 511
778 512 518
779 513 511
780 515 529
781 529 525
782 513 528
783 514 514
784 525 515
785 522 518
786 512 512
787 511 524
788 517 515
789 518 522
790 526 512
791 519 514
792 523 519
793 511 525
794 520 521
795 512 521
796 523 523
797 517 511
798 528 525
799 526 514
800 513 530
801 527 516
802 528 526
803 520 511
804 517 511
805 526 527
806 525 521
807 530 524
808 526 518
809 530 524
810 515 519
811 517 520
812 513 525
813 519 522
814 522 511
815 526 525
816 523 526
817 527 522
818 526 529
819 513 518
820 521 523
821 524 523
822 524 514
823 517 523
824 514 514
825 528 516
826 519 516
827 520 529
828 512 519
829 522 511
830 516 530
831 518 527
832 521 527
833 514 519
834 519 520
835 519 528
836 513 512
837 518 523
838 524 524
839 521 512
840 518 523
841 511 517
842 528 518
843 515 516
844 528 525
845 516 511
846 521 527
847 522 515
848 521 520
849 513 522
850 524 525
851 523 521
852 524 524
853 526 520
854 524 521
855 516 517
856 520 528
857 521 517
858 528 528
859 519 527
860 526 515
861 525 528
862 520 524
863 519 526
864 512 521
865 511 512
866 519 528
867 512 518
868 528 520
869 524 523
870 517 528
871 514 520
872 522 522
873 515 517
874 511 530
875 519 526
876 516 513
877 518 525
878 517 516
879 525 529
880 525 522
881 515 519
882 530 530
883 524 529
884 520 518
885 512 516
886 527 523
887 516 522
888 514 525
889 522 517
890 523 514
891 518 524
892 515 511
893 524 530
894 523 528
895 516 512
896 526 527
897 511 513
898 530 519
899 529 522
900 516 529
901 511 518
902 526 514
903 529 516
904 511 524
905 528 518
906 511 518
907 512 530
908 525 527
909 525 511
910 523 515
911 524 514
912 530 512
913 521 524
914 517 514
915 528 528
916 526 528
917 527 529
918 512 516
919 524 522
920 518 516
921 519 528
922 513 527
923 524 516
924 525 526
925 528 522
926 529 525
927 514 529
928 525 517
929 525 515
930 528 522
931 527 526
932 526 519
933 527 519
934 514 522
935 522 527
936 522 516
937 525 529
938 527 513
939 513 523
940 514 529
941 515 530
942 513 522
943 513 520
944 511 523
945 529 529
946 511 526
947 528 513
948 513 530
949 517 514
950 513 523
951 522 511
952 523 514
953 512 517
954 517 512
955 515 516
956 517 521
957 516 522
958 527 528
959 527 513
960 515 515
961 529 514
962 527 525
963 515 513
964 521 529
965 515 519
966 511 520
967 529 518
968 520 518
969 512 525
970 523 519
971 513 527
972 529 516
973 527 520
974 520 518
975 511 517
976 514 525
977 523 521
978 521 513
979 516 515
980 523 519
981 522 515
982 525 521
983 522 513
984 517 514
985 523 526
986 528 517
987 519 521
988 512 516
989 529 518
990 512 513
991 518 524
992 524 513
993 523 511
994 528 528
995 525 513
996 529 526
997 530 519
998 528 528
999 518 522
1000 527 520
1001 530 515
1002 520 530
1003 523 526
1004 530 512
1005 527 522
1006 529 513
1007 520 529
1008 525 518
1009 519 526
1010 516 511
1011 513 520
1012 525 516
1013 520 524
1014 513 525
1015 516 521
1016 525 516
1017 524 530
1018 527 519
1019 519 516
1020 513 528
1021 518 516
1022 530 512
1023 518 519
1024 514 530
1025 511 529
1026 515 524
1027 514 520
1028 513 515
1029 521 519
1030 530 512
1031 513 514
1032 519 524
1033 523 529
1034 526 530
1035 523 517
1036 525 518
1037 528 512
1038 517 521
1039 518 523
1040 530 511
1041 529 511
1042 519 516
1043 522 520
1044 521 514
1045 513 518
1046 521 511
1047 521 525
1048 517 525
1049 529 530
1050 518 513
1051 520 523
1052 513 530
1053 511 515
1054 515 529
1055 526 511
1056 521 515
1057 520 516
1058 518 523
1059 519 512
1060 530 520
1061 514 518
1062 518 522
1063 530 512
1064 525 521
1065 515 520
1066 526 526
1067 529 525
1068 530 525
1069 528 529
1070 516 518
1071 526 526
1072 517 528
1073 526 520
1074 513 521
1075 515 512
1076 511 524
1077 526 528
1078 530 524
1079 513 529
1080 527 525
1081 518 524
1082 523 524
1083 527 527
1084 530 523
1085 524 529
1086 522 528
1087 514 519
1088 522 525
1089 525 521
1090 528 513
1091 518 525
1092 512 516
1093 517 517
1094 529 521
1095 513 529
1096 519 523
1097 515 530
1098 529 522
1099 522 528
1100 518 524
1101 511 527
1102 529 514
1103 527 528
1104 518 528
1105 519 517
1106 518 523
1107 529 528
1108 517 514
1109 523 526
1110 520 518
1111 514 520
1112 514 520
1113 516 528
1114 530 514
1115 521 530
1116 530 522
1117 518 523
1118 528 517
1119 523 530
1120 525 521
1121 513 530
1122 524 528
1123 520 519
1124 512 521
1125 519 524
1126 521 512
1127 518 520
1128 519 519
1129 517 514
1130 513 519
1131 530 524
1132 515 515
1133 514 511
1134 518 530
1135 524 512
1136 522 520
1137 526 523
1138 523 518
1139 512 529
1140 529 524
1141 520 520
1142 527 528
1143 512 524
1144 527 525
1145 523 513
1146 517 521
1147 529 523
1148 529 512
1149 515 516
1150 529 528
1151 525 515
1152 516 529
1153 524 521
1154 513 521
1155 514 524
1156 514 527
1157 522 518
1158 512 520
1159 511 529
1160 513 528
1161 522 516
1162 515 513
1163 524 529
1164 514 522
1165 526 513
1166 520 513
1167 524 513
1168 528 522
1169 520 527
1170 519 530
1171 525 527
1172 522 525
1173 523 518
1174 522 523
1175 521 523
1176 526 524
1177 517 518
1178 520 527
1179 525 527
1180 518 512
1181 529 513
1182 521 513
1183 511 520
1184 517 521
1185 516 517
1186 528 515
1187 523 512
1188 513 530
1189 526 523
1190 529 530
1191 511 522
1192 512 521
1193 516 521
1194 524 511
1195 517 526
1196 528 530
1197 527 520
1198 524 529
1199 526 518
1200 513 522
1201 521 522
1202 527 516
1203 515 528
1204 512 514
1205 513 516
1206 520 527
1207 520 513
1208 525 523
1209 530 514
1210 526 516
1211 513 524
1212 526 516
1213 530 521
1214 519 511
1215 529 529
1216 514 521
1217 521 515
1218 516 520
1219 524 522
1220 528 527
1221 525 524
1222 513 530
1223 512 517
1224 528 530
1225 526 528
1226 513 511
1227 522 516
1228 513 519
1229 526 530
1230 518 520
1231 523 530
1232 528 517
1233 517 511
1234 518 520
1235 521 513
1236 524 521
1237 521 521
1238 521 518
1239 517 528
1240 528 516
1241 527 514
1242 529 526
1243 523 522
1244 516 519
1245 526 518
1246 526 527
1247 515 528
1248 522 521
1249 518 515
1250 520 528
1251 528 525
1252 529 523
1253 520 515
1254 512 523
1255 519 519
1256 527 520
1257 515 512
1258 529 515
1259 524 514
1260 511 518
1261 513 520
1262 529 526
1263 514 520
1264 525 516
1265 523 524
1266 516 517
1267 520 523
1268 513 529
1269 517 522
1270 530 511
1271 524 512
1272 521 524
1273 526 529
1274 518 528
1275 513 521
1276 527 518
1277 518 526
1278 516 530
1279 525 523
1280 521 529
1281 528 521
1282 529 521
1283 524 513
1284 520 530
1285 512 526
1286 514 512
1287 518 528
1288 524 512
1289 515 528
1290 513 516
1291 511 523
1292 525 515
1293 529 514
1294 519 519
1295 522 528
1296 523 528
1297 516 524
1298 523 517
1299 516 529
1300 514 512
1301 524 515
1302 525 527
1303 518 524
1304 516 528
1305 526 530
1306 518 522
1307 529 529
1308 523 521
1309 513 515
1310 529 521
1311 529 511
1312 526 524
1313 524 519
1314 514 511
1315 517 528
1316 516 512
1317 529 517
1318 521 511
1319 514 523
1320 516 519
1321 528 511
1322 523 514
1323 520 516
1324 517 511
1325 527 520
1326 514 511
1327 521 516
1328 516 515
1329 519 530
1330 530 518
1331 523 526
1332 527 516
1333 521 521
1334 516 524
1335 512 523
1336 513 527
1337 515 530
1338 529 529
1339 519 525
1340 518 530
1341 514 515
1342 524 520
1343 524 513
1344 527 526
1345 513 511
1346 522 522
1347 524 524
1348 520 512
1349 523 518
1350 515 512
1351 516 526
1352 522 518
1353 523 512
1354 524 511
1355 526 528
1356 513 524
1357 519 511
1358 517 528
1359 522 516
1360 530 512
1361 526 530
1362 511 521
1363 519 526
1364 527 524
1365 521 515
1366 517 527
1367 522 530
1368 520 521
1369 529 518
1370 520 520
1371 522 523
1372 516 511
1373 528 517
1374 514 530
1375 526 515
1376 517 512
1377 520 530
1378 513 520
1379 513 530
1380 515 516
1381 523 512
1382 527 526
1383 514 527
1384 513 530
1385 515 516
1386 523 527
1387 515 524
1388 526 519
1389 522 521
1390 518 515
1391 525 530
1392 530 520
1393 528 523
1394 525 522
1395 515 519
1396 515 530
1397 514 518
1398 529 530
1399 528 523
1400 526 528
1401 524 516
1402 517 514
1403 513 522
1404 517 518
1405 523 515
1406 527 513
1407 511 530
1408 512 530
1409 519 511
1410 518 530
1411 525 527
1412 518 525
1413 520 517
1414 526 529
1415 526 512
1416 525 520
1417 519 522
1418 514 516
1419 514 528
1420 518 519
1421 517 515
1422 519 513
1423 518 513
1424 530 514
1425 527 530
1426 517 513
1427 520 524
1428 519 518
1429 528 518
1430 514 514
1431 525 511
1432 511 512
1433 522 525
1434 519 519
1435 512 526
1436 519 513
1437 526 518
1438 527 511
1439 523 517
1440 529 524
1441 512 525
1442 516 529
1443 519 530
1444 517 511
1445 513 527
1446 520 514
1447 522 521
1448 528 518
1449 527 523
1450 523 529
1451 520 519
1452 530 512
1453 515 524
1454 526 526
1455 516 521
1456 529 526
1457 523 512
1458 526 511
1459 527 513
1460 530 514
1461 514 530
1462 522 530
1463 521 511
1464 513 513
1465 511 517
1466 530 520
1467 530 527
1468 517 521
1469 516 524
1470 514 518
1471 520 521
1472 516 519
1473 528 511
1474 529 526
1475 528 521
1476 511 518
1477 518 525
1478 527 528
1479 525 515
1480 514 523
1481 526 521
1482 517 530
1483 514 511
1484 514 522
1485 523 526
1486 521 518
1487 526 528
1488 513 524
1489 512 521
1490 516 522
1491 511 529
1492 516 523
1493 519 528
1494 525 514
1495 514 511
1496 526 530
1497 524 519
1498 530 520
1499 511 526
1500 517 520
1501 516 513
1502 512 520
1503 518 528
1504 524 523
1505 517 527
1506 522 512
1507 529 527
1508 527 525
1509 522 512
1510 530 525
1511 522 525
1512 530 529
1513 514 528
1514 521 520
1515 514 514
1516 527 517
1517 523 513
1518 523 515
1519 516 523
1520 513 527
1521 521 524
1522 513 517
1523 517 527
1524 527 520
1525 526 526
1526 519 518
1527 515 515
1528 512 515
1529 513 520
1530 530 511
1531 515 525
1532 520 527
1533 514 512
1534 525 520
1535 524 524
1536 526 526
1537 520 530
1538 517 512
1539 515 517
1540 526 527
1541 516 529
1542 528 515
1543 514 530
1544 517 530
1545 513 514
1546 516 529
1547 528 522
1548 525 519
1549 519 518
1550 520 514
1551 529 513
1552 512 517
1553 530 527
1554 514 518
1555 523 514
1556 529 517
1557 530 513
1558 526 529
1559 518 511
1560 523 511
1561 517 526
1562 519 520
1563 526 524
1564 526 518
1565 527 524
1566 526 512
1567 521 520
1568 517 526
1569 527 526
1570 530 526
1571 523 529
1572 512 527
1573 522 511
1574 528 524
1575 525 521
1576 513 520
1577 521 527
1578 525 527
1579 525 530
1580 515 522
1581 517 518
1582 516 516
1583 519 526
1584 514 517
1585 516 512
1586 520 522
1587 517 527
1588 521 526
1589 520 526
1590 530 527
1591 521 520
1592 518 511
1593 518 523
1594 514 521
1595 527 530
1596 520 515
1597 514 516
1598 517 519
1599 526 521
1600 512 513
1601 515 520
1602 517 520
1603 525 528
1604 528 515
1605 526 511
1606 514 514
1607 526 523
1608 517 516
1609 527 526
1610 526 513
1611 514 512
1612 524 512
1613 520 521
1614 521 530
1615 514 523
1616 529 523
1617 520 528
1618 523 521
1619 521 525
1620 515 527
1621 518 523
1622 530 528
1623 526 530
1624 524 525
1625 520 517
1626 529 518
1627 521 525
1628 514 522
1629 519 523
1630 522 525
1631 525 529
1632 529 515
1633 517 513
1634 517 524
1635 529 526
1636 526 515
1637 515 514
1638 530 528
1639 524 526
1640 519 517
1641 521 515
1642 530 530
1643 521 517
1644 520 514
1645 512 523
1646 527 524
1647 520 530
1648 523 522
1649 519 527
1650 525 530
1651 522 519
1652 530 525
1653 513 513
1654 514 521
1655 527 526
1656 522 514
1657 517 516
1658 522 530
1659 527 529
1660 513 523
1661 518 514
1662 513 529
1663 527 517
1664 516 530
1665 511 511
1666 527 520
1667 521 526
1668 519 526
1669 524 528
1670 524 516
1671 523 518
1672 522 528
1673 529 524
1674 528 517
1675 520 516
1676 529 521
1677 516 520
1678 518 529
1679 519 526
1680 526 529
1681 513 527
1682 528 526
1683 524 520
1684 516 513
1685 522 516
1686 521 526
1687 521 530
1688 525 516
1689 528 514
1690 528 521
1691 517 524
1692 529 523
1693 524 521
1694 513 515
1695 517 511
1696 522 526
1697 524 520
1698 524 515
1699 512 526
1700 514 518
1701 526 514
1702 527 514
1703 515 528
1704 526 513
1705 511 521
1706 530 515
1707 523 527
1708 522 526
1709 519 522
1710 528 512
1711 520 521
1712 511 516
1713 529 528
1714 527 517
1715 528 522
1716 520 517
1717 527 517
1718 523 514
1719 519 529
1720 515 511
1721 521 520
1722 513 511
1723 528 523
1724 529 515
1725 518 524
1726 530 521
1727 512 511
1728 528 516
1729 525 515
1730 519 527
1731 511 525
1732 521 530
1733 512 517
1734 519 521
1735 514 526
1736 527 516
1737 519 514
1738 521 511
1739 515 522
1740 515 511
1741 526 512
1742 526 529
1743 522 521
1744 512 517
1745 522 520
1746 528 527
1747 513 527
1748 530 521
1749 512 517
1750 523 518
1751 522 514
1752 516 526
1753 514 523
1754 517 519
1755 523 523
1756 520 519
1757 523 529
1758 513 513
1759 522 529
1760 511 514
1761 521 526
1762 524 519
1763 515 530
1764 522 518
1765 519 522
1766 530 522
1767 514 515
1768 514 522
1769 524 513
1770 528 515
1771 514 516
1772 525 530
1773 525 514
1774 517 525
1775 511 514
1776 521 512
1777 520 529
1778 511 526
1779 522 519
1780 520 524
1781 515 519
1782 519 512
1783 525 524
1784 529 529
1785 529 514
1786 511 528
1787 524 522
1788 514 518
1789 516 518
1790 512 519
1791 520 527
1792 519 512
1793 524 511
1794 515 524
1795 523 524
1796 526 515
1797 528 520
1798 528 528
1799 516 526
1800 527 522
1801 518 530
1802 518 513
1803 527 517
1804 516 512
1805 522 517
1806 517 515
1807 514 524
1808 515 526
1809 526 513
1810 512 519
1811 513 512
1812 530 529
1813 528 527
1814 529 525
1815 524 527
1816 517 520
1817 520 516
1818 517 525
1819 525 517
1820 513 515
1821 529 512
1822 515 513
1823 512 522
1824 522 521
1825 529 527
1826 519 527
1827 518 528
1828 525 518
1829 525 525
1830 513 523
1831 512 512
1832 527 530
1833 513 514
1834 520 515
1835 513 529
1836 521 526
1837 528 521
1838 522 520
1839 529 521
1840 514 530
1841 528 519
1842 527 514
1843 522 529
1844 523 516
1845 515 528
1846 521 511
1847 512 525
1848 526 529
1849 527 530
1850 521 514
1851 520 526
1852 528 521
1853 520 513
1854 518 530
1855 525 517
1856 516 515
1857 520 514
1858 513 513
1859 518 526
1860 524 516
1861 523 525
1862 514 515
1863 512 512
1864 514 521
1865 512 526
1866 523 512
1867 516 511
1868 518 521
1869 523 529
1870 526 523
1871 521 519
1872 529 526
1873 513 522
1874 523 512
1875 514 522
1876 524 524
1877 529 516
1878 521 526
1879 518 523
1880 523 521
1881 511 528
1882 513 517
1883 523 511
1884 517 522
1885 517 513
1886 530 512
1887 523 514
1888 522 514
1889 527 512
1890 528 524
1891 527 527
1892 523 521
1893 521 519
1894 525 524
1895 530 513
1896 516 527
1897 514 525
1898 528 517
1899 513 527
1900 511 523
1901 528 520
1902 511 516
1903 521 519
1904 524 526
1905 511 523
1906 530 512
1907 526 522
1908 521 512
1909 514 530
1910 520 530
1911 517 517
1912 514 521
1913 513 519
1914 519 521
1915 523 525
1916 522 516
1917 528 528
1918 511 529
1919 527 515
1920 523 529
1921 516 518
1922 511 517
1923 518 523
1924 529 511
1925 518 515
1926 518 528
1927 512 516
1928 524 518
1929 528 519
1930 512 529
1931 526 522
1932 515 529
1933 523 513
1934 517 525
1935 515 526
1936 530 515
1937 525 517
1938 518 512
1939 519 521
1940 520 523
1941 528 520
1942 525 518
1943 529 520
1944 515 522
1945 530 512
1946 522 516
1947 525 513
1948 528 512
1949 511 518
1950 519 515
1951 526 512
1952 527 529
1953 522 518
1954 521 511
1955 528 529
1956 521 511
1957 517 512
1958 520 513
1959 516 526
1960 525 511
1961 519 511
1962 517 524
1963 524 523
1964 517 519
1965 521 525
1966 517 529
1967 513 520
1968 518 520
1969 518 527
1970 520 530
1971 519 522
1972 514 519
1973 528 515
1974 519 512
1975 518 525
1976 516 512
1977 520 520
1978 519 526
1979 514 516
1980 520 528
1981 526 522
1982 529 511
1983 521 522
1984 529 511
1985 520 515
1986 525 525
1987 524 523
1988 522 519
1989 519 520
1990 521 513
1991 527 520
1992 529 529
1993 516 515
1994 528 521
1995 517 527
1996 528 527
1997 526 526
1998 513 521
1999 521 517
2000 529 519
2001 527 525
2002 521 518
2003 512 525
2004 518 524
2005 526 521
2006 526 513
2007 513 521
2008 523 520
2009 525 512
2010 524 515
2011 523 524
2012 519 525
2013 522 524
2014 530 518
2015 516 521
2016 513 529
2017 524 521
2018 514 526
2019 525 516
2020 527 523
2021 519 522
2022 521 528
2023 527 522
2024 527 530
2025 520 522
2026 519 513
2027 517 519
2028 524 514
2029 514 528
2030 515 518
2031 515 511
2032 514 527
2033 518 519
2034 516 516
2035 523 529
2036 521 522
2037 513 525
2038 524 523
2039 512 518
2040 512 528
2041 524 517
2042 522 512
2043 517 516
2044 514 522
2045 521 524
2046 514 518
2047 512 526
2048 512 525
2049 530 524
2050 523 528
2051 513 513
2052 515 516
2053 527 522
2054 521 511
2055 524 511
2056 525 523
2057 512 521
2058 529 514
2059 518 521
2060 521 515
2061 519 530
2062 522 512
2063 515 514
2064 517 527
2065 527 512
2066 524 524
2067 530 513
2068 517 517
2069 514 512
2070 515 523
2071 518 527
2072 525 522
2073 516 522
2074 514 519
2075 530 528
2076 523 522
2077 514 517
2078 517 513
2079 524 511
2080 517 514
2081 517 520
2082 525 524
2083 512 523
2084 515 521
2085 528 516
2086 528 522
2087 523 522
2088 530 511
2089 518 525
2090 518 513
2091 528 529
2092 526 513
2093 527 513
2094 513 515
2095 527 527
2096 512 514
2097 527 514
2098 518 514
2099 525 519
2100 519 522
2101 513 515
2102 513 522
2103 527 530
2104 514 521
2105 526 521
2106 521 511
2107 513 530
2108 530 525
2109 529 518
2110 523 527
2111 525 525
2112 530 526
2113 516 519
2114 513 512
2115 524 530
2116 513 520
2117 530 513
2118 525 511
2119 519 529
2120 521 511
2121 526 523
2122 520 515
2123 528 529
2124 518 525
2125 517 516
2126 530 527
2127 524 528
2128 517 511
2129 516 512
2130 521 530
2131 521 526
2132 517 520
2133 523 524
2134 522 517
2135 517 526
2136 519 519
2137 515 528
2138 526 515
2139 530 520
2140 512 515
2141 516 527
2142 517 514
2143 517 515
2144 524 518
2145 525 527
2146 520 522
2147 513 529
2148 517 520
2149 530 511
2150 525 514
2151 519 524
2152 526 514
2153 511 513
2154 527 526
2155 526 514
2156 522 528
2157 524 528
2158 515 516
2159 521 514
2160 520 525
2161 516 513
2162 513 525
2163 515 516
2164 512 516
2165 525 514
2166 515 523
2167 526 529
2168 520 514
2169 530 527
2170 528 516
2171 518 515
2172 528 529
2173 516 513
2174 520 517
2175 526 525
2176 517 511
2177 515 523
2178 523 515
2179 512 525
2180 521 524
2181 514 521
2182 514 525
2183 514 525
2184 511 511
2185 522 523
2186 525 525
2187 520 517
2188 520 516
2189 514 513
2190 514 524
2191 511 512
2192 517 518
2193 530 515
2194 516 529
2195 520 513
2196 515 512
2197 521 516
2198 515 518
2199 521 511
2200 511 528
2201 513 523
2202 511 528
2203 522 516
2204 524 524
2205 514 518
2206 521 516
2207 515 519
2208 513 527
2209 521 513
2210 515 517
2211 517 511
2212 525 522
2213 519 526
2214 526 525
2215 513 518
2216 516 522
2217 523 521
2218 528 527
2219 513 528
2220 528 529
2221 521 528
2222 526 518
2223 517 522
2224 512 515
2225 517 518
2226 523 514
2227 529 528
2228 518 524
2229 516 527
2230 527 517
2231 520 525
2232 530 519
2233 523 524
2234 524 517
2235 511 519
2236 512 523
2237 521 512
2238 518 513
2239 513 519
2240 520 516
2241 514 513
2242 524 524
2243 525 518
2244 521 512
2245 529 513
2246 513 527
2247 512 527
2248 527 526
2249 512 520
2250 526 525
2251 529 526
2252 517 516
2253 519 521
2254 521 515
2255 528 517
2256 520 526
2257 514 513
2258 512 519
2259 511 521
2260 512 519
2261 529 521
2262 523 515
2263 518 516
2264 511 529
2265 512 527
2266 517 523
2267 522 529
2268 516 526
2269 523 516
2270 515 517
2271 512 529
2272 516 520
2273 527 530
2274 515 521
2275 525 530
2276 519 511
2277 513 512
2278 517 526
2279 525 517
2280 530 525
2281 519 513
2282 515 512
2283 526 522
2284 516 524
2285 523 526
2286 517 528
2287 522 513
2288 515 513
2289 523 518
2290 528 516
2291 511 517
2292 525 512
2293 526 519
2294 515 518
2295 521 517
2296 530 519
2297 526 528
2298 511 527
2299 524 523
2300 514 527
2301 524 519
2302 520 517
2303 517 530
2304 526 527
2305 524 521
2306 530 523
2307 528 517
2308 525 524
2309 516 514
2310 522 516
2311 521 525
2312 523 525
2313 527 514
2314 527 521
2315 528 520
2316 521 520
2317 517 515
2318 511 521
2319 527 522
2320 521 518
2321 517 519
2322 518 529
2323 523 525
2324 524 524
2325 520 530
2326 512 512
2327 526 519
2328 516 518
2329 515 511
2330 521 520
2331 521 516
2332 523 511
2333 527 529
2334 524 528
2335 521 528
2336 515 517
2337 513 525
2338 517 523
2339 520 525
2340 518 524
2341 524 526
2342 516 522
2343 523 517
2344 526 515
2345 514 513
2346 528 513
2347 527 511
2348 523 513
2349 518 518
2350 529 520
2351 519 517
2352 516 517
2353 513 528
2354 523 518
2355 513 513
2356 521 527
2357 517 526
2358 529 529
2359 517 530
2360 527 524
2361 516 529
2362 516 527
2363 526 512
2364 528 523
2365 529 515
2366 525 519
2367 521 516
2368 524 529
2369 513 521
2370 517 514
2371 517 512
2372 529 512
2373 522 524
2374 528 530
2375 515 517
2376 517 529
2377 515 523
2378 519 525
2379 522 528
2380 513 520
2381 514 529
2382 522 529
2383 512 513
2384 512 529
2385 514 523
2386 513 525
2387 530 523
2388 513 520
2389 530 511
2390 515 529
2391 523 520
2392 514 519
2393 518 520
2394 511 525
2395 518 528
2396 514 521
2397 515 520
2398 514 513
2399 517 513
2400 518 511
2401 519 526
2402 513 526
2403 516 512
2404 515 521
2405 520 527
2406 516 524
2407 513 521
2408 514 516
2409 526 517
2410 528 518
2411 519 516
2412 528 530
2413 529 515
2414 527 521
2415 516 511
2416 514 530
2417 524 516
2418 517 512
2419 527 515
2420 524 526
2421 530 516
2422 514 521
2423 527 525
2424 520 526
2425 524 526
2426 523 511
2427 521 524
2428 521 518
2429 522 522
2430 511 530
2431 527 515
2432 524 512
2433 513 513
2434 525 526
2435 522 526
2436 511 520
2437 530 518
2438 526 521
2439 512 528
2440 528 517
2441 514 520
2442 522 525
2443 527 516
2444 523 515
2445 515 516
2446 530 512
2447 522 522
2448 512 520
2449 513 521
2450 525 527
2451 524 515
2452 513 513
2453 520 511
2454 528 530
2455 520 517
2456 527 520
2457 528 523
2458 511 523
2459 512 529
2460 514 517
2461 512 530
2462 518 530
2463 523 525
2464 526 511
2465 529 526
2466 530 530
2467 524 513
2468 526 516
2469 516 514
2470 523 523
2471 521 516
2472 520 525
2473 523 530
2474 515 526
2475 521 517
2476 530 513
2477 515 518
2478 529 523
2479 527 511
2480 517 529
2481 522 511
2482 524 525
2483 523 513
2484 520 520
2485 521 522
2486 522 512
2487 522 521
2488 523 512
2489 517 527
2490 519 516
2491 512 526
2492 523 521
2493 528 516
2494 517 511
2495 512 512
2496 516 515
2497 530 514
2498 528 522
2499 525 523
2500 11 18
2501 15 20
2502 20 10
2503 5 16
2504 11 1
2505 1 13
2506 5 1
2507 16 19
2508 17 2
2509 14 11
2510 18 15
2511 10 8
2512 8 20
2513 14 10
2514 20 10
2515 3 17
2516 20 20
2517 12 16
2518 15 7
2519 8 3
2520 7 6
2521 2 8
2522 13 5
2523 6 13
2524 19 4
2525 9 19
2526 3 19
2527 5 18
2528 8 16
2529 14 8
2530 12 9
2531 1 7
2532 5 18
2533 10 13
2534 15 13
2535 17 18
2536 17 3
2537 1 15
2538 17 12
2539 17 11
2540 18 11
2541 4 2
2542 15 18
2543 17 19
2544 18 6
2545 16 8
2546 20 17
2547 5 16
2548 1 1
2549 11 16
2550 11 12
2551 20 9
2552 10 16
2553 1 2
2554 11 16
2555 15 19
2556 5 18
2557 6 16
2558 1 15
2559 5 5
2560 17 8
2561 5 20
2562 2 20
2563 3 20
2564 2 20
2565 9 1
2566 13 16
2567 8 2
2568 19 12
2569 2 18
2570 18 15
2571 14 3
2572 9 7
2573 4 19
2574 15 6
2575 5 4
2576 16 8
2577 14 6
2578 9 9
2579 5 3
2580 12 12
2581 11 14
2582 18 12
2583 2 14
2584 14 12
2585 12 20
2586 4 5
2587 6 7
2588 11 3
2589 3 20
2590 15 19
2591 1 15
2592 3 19
2593 11 15
2594 16 13
2595 13 18
2596 5 3
2597 13 5
2598 7 10
2599 12 4
2600 7 2
2601 13 8
2602 11 2
2603 2 10
2604 18 16
2605 13 7
2606 3 3
2607 8 1
2608 14 20
2609 12 19
2610 8 14
2611 18 17
2612 11 19
2613 11 3
2614 15 5
2615 1 14
2616 17 14
2617 18 8
2618 7 17
2619 8 13
2620 7 5
2621 5 18
2622 2 12
2623 1 12
2624 13 7
2625 20 6
2626 17 20
2627 20 2
2628 9 14
2629 5 7
2630 17 3
2631 7 3
2632 14 9
2633 5 9
2634 4 13
2635 8 5
2636 18 6
2637 16 9
2638 10 16
2639 4 2
2640 18 8
2641 18 14
2642 19 2
2643 20 17
2644 6 15
2645 9 18
2646 9 7
2647 3 7
2648 19 20
2649 7 12
2650 6 12
2651 17 11
2652 12 1
2653 9 7
2654 20 3
2655 1 15
2656 20 13
2657 5 6
2658 3 2
2659 5 18
2660 8 1
2661 10 16
2662 19 7
2663 9 2
2664 3 1
2665 4 20
2666 17 6
2667 3 10
2668 17 2
2669 11 14
2670 13 2
2671 14 1
2672 5 3
2673 12 5
2674 8 2
2675 9 14
2676 14 12
2677 20 2
2678 17 6
2679 4 10
2680 10 11
2681 17 7
2682 16 2
2683 12 5
2684 10 6
2685 14 13
2686 16 5
2687 9 15
2688 13 19
2689 20 1
2690 8 13
2691 19 9
2692 9 19
2693 12 9
2694 11 3
2695 7 5
2696 17 1
2697 6 1
2698 17 3
2699 7 10
2700 8 3
2701 7 11
2702 10 4
2703 6 5
2704 17 8
2705 16 14
2706 12 1
2707 13 11
2708 5 9
2709 3 1
2710 4 5
2711 9 14
2712 2 6
2713 19 1
2714 17 17
2715 19 17
2716 7 19
2717 11 9
2718 13 15
2719 8 14
2720 13 18
2721 6 2
2722 13 5
2723 18 15
2724 17 15
2725 12 13
2726 17 17
2727 18 9
2728 10 19
2729 20 3
2730 18 18
2731 3 17
2732 5 7
2733 16 12
2734 7 19
2735 1 2
2736 15 8
2737 7 5
2738 3 8
2739 19 18
2740 7 7
2741 16 7
2742 7 6
2743 1 2
2744 9 9
2745 7 18
2746 5 15
2747 4 16
2748 19 13
2749 14 5
2750 14 10
2751 14 4
2752 20 19
2753 2 19
2754 13 6
2755 18 12
2756 17 5
2757 2 15
2758 11 16
2759 4 20
2760 9 20
2761 8 16
2762 16 15
2763 3 3
2764 14 14
2765 3 8
2766 11 6
2767 4 14
2768 9 12
2769 16 20
2770 14 10
2771 4 19
2772 10 17
2773 10 10
2774 2 6
2775 10 16
2776 18 12
2777 19 17
2778 4 18
2779 1 1
2780 19 17
2781 16 1
2782 9 4
2783 6 16
2784 7 11
2785 1 9
2786 20 10
2787 1 11
2788 18 11
2789 20 1
2790 18 14
2791 4 1
2792 12 6
2793 14 9
2794 11 2
2795 17 7
2796 4 14
2797 19 11
2798 16 20
2799 7 15
2800 4 1
2801 20 2
2802 11 14
2803 10 8
2804 8 10
2805 1 11
2806 9 18
2807 3 11
2808 9 7
2809 17 4
2810 10 2
2811 10 13
2812 11 19
2813 10 20
2814 13 5
2815 12 14
2816 6 3
2817 14 6
2818 17 18
2819 14 6
2820 16 11
2821 11 1
2822 18 7
2823 4 9
2824 20 15
2825 10 11
2826 14 15
2827 11 13
2828 5 15
2829 7 12
2830 20 5
2831 1 20
2832 10 8
2833 4 12
2834 11 13
2835 3 15
2836 14 18
2837 20 11
2838 12 11
2839 18 13
2840 14 11
2841 10 10
2842 2 10
2843 12 18
2844 16 13
2845 16 13
2846 18 5
2847 12 8
2848 15 9
2849 14 10
2850 3 19
2851 18 2
2852 4 13
2853 14 8
2854 14 7
2855 10 13
2856 14 19
2857 8 13
2858 9 1
2859 3 7
2860 18 8
2861 20 13
2862 18 4
2863 5 4
2864 15 2
2865 10 13
2866 19 7
2867 11 3
2868 8 16
2869 9 5
2870 6 12
2871 4 17
2872 1 17
2873 2 11
2874 2 7
2875 8 7
2876 8 18
2877 16 4
2878 14 13
2879 18 4
2880 17 1
2881 3 19
2882 17 20
2883 20 8
2884 20 9
2885 12 9
2886 20 10
2887 1 2
2888 5 8
2889 1 7
2890 4 16
2891 15 17
2892 3 1
2893 19 11
2894 1 6
2895 20 3
2896 12 9
2897 19 11
2898 15 3
2899 19 3
2900 19 5
2901 13 11
2902 20 1
2903 6 18
2904 1 8
2905 9 7
2906 14 10
2907 4 14
2908 13 12
2909 10 11
2910 3 19
2911 10 14
2912 18 9
2913 15 3
2914 4 8
2915 12 12
2916 8 13
2917 4 17
2918 19 5
2919 12 14
2920 5 5
2921 8 14
2922 7 15
2923 14 13
2924 5 18
2925 7 7
2926 5 1
2927 4 16
2928 5 2
2929 16 17
2930 5 12
2931 8 5
2932 1 19
2933 2 14
2934 14 7
2935 9 9
2936 6 6
2937 17 12
2938 4 10
2939 9 9
2940 10 9
2941 7 17
2942 9 14
2943 16 12
2944 20 3
2945 9 18
2946 7 6
2947 4 1
2948 1 7
2949 5 9
2950 12 10
2951 3 5
2952 17 17
2953 13 11
2954 1 10
2955 19 15
2956 7 8
2957 5 13
2958 13 13
2959 2 7
2960 18 15
2961 18 1
2962 5 20
2963 8 14
2964 20 7
2965 2 10
2966 8 8
2967 10 17
2968 6 8
2969 11 16
2970 13 9
2971 18 11
2972 3 3
2973 10 7
2974 1 8
2975 20 14
2976 11 4
2977 20 17
2978 13 8
2979 5 12
2980 2 1
2981 14 8
2982 18 20
2983 5 4
2984 15 6
2985 12 8
2986 18 15
2987 14 17
2988 10 14
2989 15 8
2990 15 7
2991 7 11
2992 10 8
2993 4 15
2994 16 6
2995 9 12
2996 6 7
2997 15 5
2998 20 10
2999 20 2
3000 14 16
3001 1 9
3002 11 2
3003 5 18
3004 5 20
3005 8 2
3006 9 10
3007 8 7
3008 17 2
3009 15 15
3010 17 18
3011 1 7
3012 13 1
3013 12 13
3014 6 1
3015 17 18
3016 8 7
3017 4 15
3018 1 18
3019 18 15
3020 2 9
3021 1 1
3022 10 12
3023 18 11
3024 11 14
3025 4 14
3026 19 15
3027 11 18
3028 15 5
3029 2 10
3030 17 14
3031 1 2
3032 1 11
3033 12 2
3034 16 19
3035 16 18
3036 6 15
3037 10 12
3038 6 14
3039 7 13
3040 15 4
3041 6 4
3042 13 10
3043 9 7
3044 18 15
3045 10 19
3046 11 13
3047 6 13
3048 20 8
3049 12 13
3050 18 14
3051 8 14
3052 13 15
3053 6 15
3054 6 17
3055 12 11
3056 5 7
3057 10 13
3058 10 1
3059 17 7
3060 14 15
3061 16 5
3062 1 9
3063 1 13
3064 2 14
3065 2 9
3066 18 9
3067 11 20
3068 19 11
3069 3 3
3070 5 7
3071 14 13
3072 10 11
3073 12 14
3074 8 12
3075 12 18
3076 7 18
3077 8 6
3078 13 20
3079 3 20
3080 11 7
3081 11 4
3082 4 9
3083 20 7
3084 15 7
3085 4 20
3086 2 4
3087 5 4
3088 15 18
3089 19 9
3090 15 4
3091 4 6
3092 19 1
3093 14 17
3094 10 20
3095 14 1
3096 1 8
3097 14 12
3098 6 3
3099 11 4
3100 19 10
3101 11 11
3102 6 3
3103 17 10
3104 20 14
3105 18 4
3106 4 9
3107 4 17
3108 16 1
3109 7 17
3110 17 17
3111 6 2
3112 3 5
3113 14 2
3114 8 11
3115 12 6
3116 16 2
3117 20 13
3118 8 16
3119 5 13
3120 16 20
3121 15 20
3122 18 15
3123 1 12
3124 8 9
3125 20 16
3126 5 5
3127 1 12
3128 10 6
3129 8 20
3130 3 8
3131 7 8
3132 17 9
3133 8 6
3134 2 3
3135 2 12
3136 11 17
3137 12 9
3138 18 13
3139 1 19
3140 16 15
3141 5 8
3142 13 19
3143 8 19
3144 18 20
3145 8 6
3146 2 13
3147 7 2
3148 3 20
3149 1 8
3150 10 13
3151 2 3
3152 8 19
3153 16 16
3154 1 18
3155 8 15
3156 2 3
3157 16 3
3158 2 20
3159 17 4
3160 11 20
3161 2 2
3162 2 1
3163 16 8
3164 3 18
3165 13 5
3166 17 19
3167 14 3
3168 20 18
3169 17 15
3170 13 14
3171 11 11
3172 7 6
3173 2 17
3174 1 17
3175 10 13
3176 7 1
3177 11 18
3178 9 2
3179 2 16
3180 1 12
3181 9 16
3182 17 20
3183 13 15
3184 16 8
3185 20 1
3186 5 10
3187 9 11
3188 16 20
3189 3 7
3190 12 1
3191 11 18
3192 8 5
3193 18 6
3194 13 3
3195 8 19
3196 20 7
3197 13 4
3198 4 16
3199 8 16
3200 18 19
3201 20 17
3202 13 16
3203 6 7
3204 9 2
3205 2 12
3206 3 20
3207 17 6
3208 9 7
3209 20 17
3210 19 1
3211 18 20
3212 7 16
3213 3 8
3214 11 13
3215 12 15
3216 15 19
3217 12 19
3218 5 14
3219 10 6
3220 6 13
3221 20 7
3222 11 4
3223 10 8
3224 16 9
3225 4 7
3226 4 12
3227 8 3
3228 16 15
3229 14 19
3230 3 16
3231 19 17
3232 16 1
3233 17 6
3234 18 7
3235 6 19
3236 11 1
3237 1 15
3238 9 18
3239 2 12
3240 9 19
3241 9 19
3242 20 20
3243 18 13
3244 9 14
3245 16 17
3246 6 12
3247 5 1
3248 16 20
3249 8 15
3250 13 19
3251 6 13
3252 4 1
3253 4 18
3254 8 8
3255 3 9
3256 8 18
3257 16 8
3258 6 6
3259 6 9
3260 4 18
3261 6 18
3262 8 13
3263 18 18
3264 1 14
3265 4 4
3266 18 18
3267 5 12
3268 14 17
3269 4 7
3270 14 2
3271 12 17
3272 7 3
3273 9 4
3274 10 11
3275 17 14
3276 11 4
3277 6 13
3278 15 4
3279 7 2
3280 8 13
3281 2 1
3282 18 2
3283 15 6
3284 12 20
3285 14 13
3286 12 6
3287 18 19
3288 18 7
3289 14 14
3290 20 12
3291 17 16
3292 16 1
3293 1 5
3294 15 9
3295 20 6
3296 10 9
3297 11 11
3298 19 16
3299 5 5
3300 10 18
3301 2 17
3302 10 1
3303 19 1
3304 8 17
3305 6 4
3306 6 15
3307 10 7
3308 14 8
3309 7 2
3310 18 5
3311 10 8
3312 19 7
3313 4 11
3314 13 5
3315 20 17
3316 2 12
3317 10 9
3318 16 2
3319 15 15
3320 12 13
3321 20 13
3322 20 3
3323 7 13
3324 11 9
3325 11 12
3326 13 16
3327 3 2
3328 10 17
3329 10 5
3330 8 11
3331 5 18
3332 13 17
3333 16 13
3334 6 6
3335 13 18
3336 18 10
3337 11 8
3338 5 18
3339 9 1
3340 19 7
3341 13 17
3342 1 14
3343 4 11
3344 4 13
3345 14 7
3346 6 10
3347 17 19
3348 5 1
3349 20 14
3350 13 16
3351 15 10
3352 6 9
3353 8 16
3354 17 3
3355 8 5
3356 8 10
3357 16 9
3358 15 10
3359 5 12
3360 12 15
3361 4 16
3362 3 3
3363 15 17
3364 7 8
3365 11 11
3366 9 15
3367 17 3
3368 9 16
3369 2 13
3370 3 11
3371 2 13
3372 15 6
3373 7 18
3374 5 7
3375 6 3
3376 19 19
3377 14 8
3378 10 10
3379 20 9
3380 1 14
3381 8 14
3382 2 2
3383 5 6
3384 18 18
3385 14 4
3386 3 3
3387 4 14
3388 15 3
3389 16 16
3390 13 3
3391 19 20
3392 20 17
3393 2 1
3394 5 16
3395 18 5
3396 5 20
3397 1 16
3398 19 11
3399 16 17
3400 17 9
3401 4 17
3402 18 20
3403 6 16
3404 13 12
3405 1 10
3406 11 9
3407 17 19
3408 1 15
3409 11 13
3410 14 4
3411 17 7
3412 2 20
3413 5 8
3414 18 2
3415 17 4
3416 16 4
3417 19 6
3418 10 19
3419 16 3
3420 9 1
3421 1 15
3422 9 14
3423 6 5
3424 3 13
3425 6 19
3426 9 6
3427 16 7
3428 4 10
3429 19 13
3430 18 8
3431 13 10
3432 8 20
3433 20 18
3434 6 4
3435 19 13
3436 12 13
3437 15 14
3438 10 5
3439 19 20
3440 3 20
3441 4 15
3442 15 17
3443 13 3
3444 14 10
3445 7 12
3446 5 1
3447 17 8
3448 20 11
3449 6 15
3450 4 5
3451 20 17
3452 12 13
3453 9 20
3454 20 17
3455 7 1
3456 17 18
3457 2 3
3458 13 11
3459 1 4
3460 7 19
3461 19 1
3462 10 18
3463 9 14
3464 11 3
3465 2 5
3466 15 7
3467 15 6
3468 3 4
3469 8 11
3470 18 13
3471 11 16
3472 2 20
3473 6 17
3474 9 3
3475 11 11
3476 5 11
3477 8 9
3478 1 10
3479 3 13
3480 5 10
3481 8 19
3482 5 8
3483 4 8
3484 9 10
3485 13 19
3486 19 11
3487 16 18
3488 12 17
3489 10 10
3490 3 5
3491 18 11
3492 10 4
3493 5 11
3494 18 4
3495 19 10
3496 6 6
3497 1 12
3498 12 19
3499 7 13
3500 9 2
3501 6 10
3502 16 9
3503 18 11
3504 20 10
3505 16 6
3506 20 15
3507 16 20
3508 15 16
3509 9 18
3510 18 19
3511 12 9
3512 2 6
3513 11 2
3514 15 19
3515 14 13
3516 12 7
3517 3 1
3518 6 11
3519 16 20
3520 18 4
3521 8 12
3522 6 20
3523 3 6
3524 8 18
3525 8 7
3526 19 1
3527 20 9
3528 8 5
3529 20 15
3530 11 19
3531 1 5
3532 3 20
3533 2 10
3534 19 5
3535 16 12
3536 16 5
3537 13 2
3538 12 10
3539 2 19
3540 9 12
3541 2 11
3542 7 5
3543 7 18
3544 12 10
3545 19 13
3546 10 9
3547 1 11
3548 16 10
3549 9 10
3550 2 11
3551 12 5
3552 15 13
3553 10 8
3554 3 8
3555 5 6
3556 7 13
3557 3 11
3558 5 3
3559 11 4
3560 8 4
3561 16 11
3562 4 11
3563 11 17
3564 20 15
3565 10 2
3566 17 11
3567 15 8
3568 11 14
3569 17 8
3570 3 17
3571 2 11
3572 6 5
3573 10 17
3574 14 1
3575 12 10
3576 12 20
3577 18 17
3578 2 17
3579 5 4
3580 3 8
3581 14 10
3582 16 19
3583 13 12
3584 4 15
3585 3 10
3586 10 20
3587 14 1
3588 19 14
3589 13 19
3590 18 4
3591 12 13
3592 5 10
3593 13 15
3594 19 5
3595 15 4
3596 3 3
3597 15 11
3598 17 4
3599 11 2
3600 3 20
3601 14 14
3602 7 5
3603 3 4
3604 20 12
3605 12 10
3606 20 12
3607 4 5
3608 5 5
3609 11 4
3610 5 6
3611 6 15
3612 13 6
3613 9 9
3614 11 18
3615 2 18
3616 10 2
3617 19 17
3618 7 12
3619 7 3
3620 20 8
3621 4 3
3622 20 18
3623 4 18
3624 4 6
3625 7 4
3626 17 9
3627 20 16
3628 16 11
3629 17 4
3630 4 16
3631 9 17
3632 1 10
3633 5 17
3634 12 20
3635 16 18
3636 12 18
3637 6 8
3638 17 12
3639 17 17
3640 8 14
3641 9 7
3642 15 1
3643 12 12
3644 14 17
3645 16 9
3646 15 17
3647 2 14
3648 12 17
3649 13 8
3650 2 4
3651 4 5
3652 13 1
3653 15 7
3654 11 3
3655 12 15
3656 7 18
3657 15 9
3658 4 10
3659 3 3
3660 11 18
3661 14 3
3662 4 20
3663 12 14
3664 14 11
3665 18 6
3666 8 17
3667 18 5
3668 2 19
3669 18 2
3670 9 7
3671 15 15
3672 1 15
3673 18 16
3674 9 6
3675 10 6
3676 10 9
3677 8 20
3678 1 3
3679 4 12
3680 18 17
3681 13 13
3682 20 19
3683 20 12
3684 19 17
3685 1 1
3686 14 6
3687 14 4
3688 5 11
3689 15 17
3690 14 9
3691 10 14
3692 6 2
3693 4 9
3694 1 1
3695 2 12
3696 8 7
3697 13 12
3698 20 1
3699 18 7
3700 9 14
3701 10 20
3702 9 8
3703 11 13
3704 13 17
3705 19 8
3706 3 2
3707 19 17
3708 14 12
3709 11 13
3710 16 4
3711 2 12
3712 2 13
3713 11 3
3714 7 20
3715 11 14
3716 16 1
3717 11 11
3718 7 4
3719 14 20
3720 13 1
3721 11 8
3722 7 15
3723 17 11
3724 11 18
3725 14 4
3726 9 4
3727 20 19
3728 10 20
3729 18 8
3730 6 12
3731 8 15
3732 14 5
3733 20 16
3734 12 16
3735 14 18
3736 18 7
3737 18 11
3738 13 20
3739 8 3
3740 9 18
3741 8 10
3742 1 19
3743 20 3
3744 11 13
3745 16 3
3746 12 15
3747 9 9
3748 13 9
3749 3 15
3750 5 7
3751 18 20
3752 4 11
3753 15 19
3754 9 7
3755 11 12
3756 12 12
3757 4 1
3758 12 4
3759 17 8
3760 18 6
3761 12 5
3762 6 5
3763 14 15
3764 2 1
3765 9 16
3766 9 19
3767 4 8
3768 14 8
3769 8 20
3770 3 16
3771 10 13
3772 3 8
3773 8 1
3774 3 12
3775 17 1
3776 9 19
3777 14 18
3778 5 15
3779 16 18
3780 5 16
3781 17 5
3782 1 14
3783 16 13
3784 14 3
3785 19 2
3786 18 15
3787 19 12
3788 19 12
3789 9 18
3790 5 8
3791 19 19
3792 7 16
3793 16 7
3794 15 16
3795 11 18
3796 10 5
3797 4 12
3798 9 17
3799 16 11
3800 18 20
3801 18 11
3802 14 2
3803 8 15
3804 6 17
3805 9 18
3806 20 14
3807 4 4
3808 19 10
3809 15 10
3810 11 2
3811 19 3
3812 12 15
3813 12 17
3814 3 5
3815 11 19
3816 14 14
3817 12 4
3818 17 1
3819 4 6
3820 15 13
3821 17 2
3822 5 17
3823 5 2
3824 13 3
3825 16 11
3826 18 19
3827 20 14
3828 1 9
3829 18 11
3830 19 16
3831 6 1
3832 4 20
3833 5 3
3834 15 15
3835 11 20
3836 4 15
3837 10 11
3838 7 19
3839 6 18
3840 18 3
3841 4 3
3842 9 20
3843 9 1
3844 3 6
3845 13 3
3846 15 18
3847 13 4
3848 12 2
3849 11 7
3850 17 5
3851 8 20
3852 15 13
3853 8 19
3854 15 6
3855 20 6
3856 18 11
3857 20 3
3858 12 12
3859 12 17
3860 20 13
3861 20 11
3862 8 14
3863 14 15
3864 20 12
3865 3 6
3866 19 18
3867 11 4
3868 4 1
3869 4 11
3870 18 1
3871 12 19
3872 3 19
3873 16 5
3874 20 3
3875 8 6
3876 9 11
3877 4 4
3878 12 1
3879 3 15
3880 11 2
3881 8 7
3882 11 10
3883 6 16
3884 19 2
3885 13 5
3886 20 9
3887 19 6
3888 7 8
3889 14 18
3890 8 16
3891 16 3
3892 11 11
3893 9 4
3894 7 5
3895 8 13
3896 2 20
3897 15 18
3898 10 15
3899 18 11
3900 5 12
3901 12 20
3902 12 15
3903 19 9
3904 3 4
3905 19 10
3906 16 18
3907 8 1
3908 1 4
3909 15 17
3910 12 11
3911 3 8
3912 5 19
3913 8 9
3914 9 4
3915 6 6
3916 17 10
3917 11 4
3918 2 14
3919 10 20
3920 10 16
3921 11 3
3922 13 13
3923 13 16
3924 4 6
3925 15 12
3926 4 18
3927 19 6
3928 20 11
3929 8 8
3930 1 4
3931 6 15
3932 18 1
3933 18 7
3934 13 4
3935 4 6
3936 15 15
3937 14 4
3938 7 3
3939 17 2
3940 4 1
3941 15 15
3942 19 17
3943 9 4
3944 19 19
3945 14 6
3946 5 14
3947 8 15
3948 8 12
3949 2 5
3950 9 19
3951 20 1
3952 12 7
3953 7 19
3954 17 16
3955 20 11
3956 15 11
3957 9 15
3958 1 19
3959 19 18
3960 13 7
3961 11 1
3962 7 7
3963 20 7
3964 18 11
3965 19 2
3966 13 9
3967 7 3
3968 9 9
3969 15 17
3970 17 11
3971 11 18
3972 7 12
3973 18 17
3974 18 18
3975 13 19
3976 7 10
3977 18 16
3978 10 2
3979 4 16
3980 1 14
3981 20 6
3982 1 15
3983 20 1
3984 3 2
3985 2 6
3986 14 16
3987 16 18
3988 6 12
3989 1 6
3990 17 3
3991 7 11
3992 15 10
3993 2 20
3994 19 18
3995 11 3
3996 8 11
3997 19 12
3998 19 1
3999 1 15
4000 8 11
4001 5 17
4002 3 17
4003 16 17
4004 20 18
4005 10 17
4006 7 7
4007 6 20
4008 8 1
4009 12 14
4010 4 17
4011 14 16
4012 20 12
4013 8 5
4014 20 6
4015 17 16
4016 9 16
4017 20 18
4018 6 16
4019 7 12
4020 19 19
4021 20 19
4022 6 9
4023 10 16
4024 13 2
4025 1 20
4026 5 18
4027 13 3
4028 20 18
4029 2 7
4030 1 19
4031 20 12
4032 7 10
4033 6 14
4034 3 4
4035 2 3
4036 2 7
4037 19 14
4038 2 18
4039 19 17
4040 19 20
4041 1 19
4042 16 5
4043 9 14
4044 17 7
4045 7 14
4046 10 4
4047 9 16
4048 12 1
4049 2 17
4050 13 19
4051 2 12
4052 8 8
4053 6 3
4054 16 16
4055 1 10
4056 15 2
4057 9 16
4058 13 3
4059 20 19
4060 8 18
4061 2 9
4062 14 14
4063 13 6
4064 4 7
4065 2 7
4066 7 4
4067 13 13
4068 18 4
4069 1 19
4070 18 12
4071 16 8
4072 20 19
4073 18 20
4074 3 1
4075 6 1
4076 2 8
4077 17 9
4078 6 13
4079 16 12
4080 9 3
4081 16 15
4082 18 8
4083 6 20
4084 8 8
4085 20 18
4086 9 6
4087 7 20
4088 4 20
4089 5 8
4090 5 13
4091 14 15
4092 11 14
4093 11 1
4094 18 16
4095 1 12
4096 14 16
4097 6 17
4098 12 10
4099 5 20
4100 16 3
4101 2 12
4102 15 9
4103 13 6
4104 15 20
4105 19 9
4106 8 2
4107 12 13
4108 18 6
4109 7 12
4110 20 12
4111 7 16
4112 5 7
4113 15 10
4114 1 14
4115 1 3
4116 19 1
4117 3 7
4118 20 13
4119 15 3
4120 13 2
4121 11 13
4122 10 2
4123 2 19
4124 19 20
4125 6 11
4126 2 19
4127 14 8
4128 20 2
4129 5 12
4130 11 8
4131 15 12
4132 4 3
4133 12 15
4134 13 15
4135 2 16
4136 8 20
4137 19 20
4138 9 6
4139 9 2
4140 19 1
4141 9 4
4142 14 7
4143 10 15
4144 20 4
4145 18 1
4146 8 2
4147 5 4
4148 13 8
4149 18 9
4150 13 12
4151 16 10
4152 10 18
4153 7 16
4154 15 4
4155 14 3
4156 14 8
4157 18 8
4158 10 6
4159 8 7
4160 20 4
4161 15 1
4162 20 11
4163 4 9
4164 20 7
4165 14 14
4166 8 10
4167 7 3
4168 3 16
4169 20 10
4170 14 1
4171 5 11
4172 6 15
4173 3 12
4174 18 7
4175 20 1
4176 10 16
4177 14 14
4178 14 16
4179 17 16
4180 1 13
4181 16 13
4182 4 15
4183 18 16
4184 14 13
4185 13 12
4186 4 11
4187 9 5
4188 9 8
4189 14 15
4190 13 5
4191 2 12
4192 9 1
4193 9 3
4194 14 4
4195 3 18
4196 3 5
4197 7 16
4198 20 7
4199 17 8
4200 9 13
4201 1 19
4202 12 5
4203 13 17
4204 5 2
4205 20 15
4206 18 8
4207 17 9
4208 20 17
4209 15 16
4210 3 6
4211 2 4
4212 18 14
4213 16 19
4214 12 3
4215 16 4
4216 10 3
4217 9 15
4218 17 20
4219 20 19
4220 5 1
4221 4 19
4222 12 5
4223 5 3
4224 12 10
4225 1 13
4226 4 16
4227 16 2
4228 20 15
4229 1 19
4230 3 4
4231 20 13
4232 3 5
4233 10 14
4234 1 9
4235 2 11
4236 20 13
4237 14 15
4238 9 17
4239 17 20
4240 9 4
4241 3 8
4242 4 18
4243 6 20
4244 20 7
4245 17 14
4246 5 8
4247 2 3
4248 7 9
4249 6 7
4250 17 4
4251 15 7
4252 1 9
4253 1 4
4254 4 9
4255 9 19
4256 12 11
4257 7 4
4258 12 2
4259 12 12
4260 7 13
4261 13 10
4262 18 18
4263 11 11
4264 17 13
4265 14 11
4266 14 14
4267 14 17
4268 20 13
4269 18 14
4270 8 9
4271 13 8
4272 16 4
4273 8 2
4274 16 11
4275 15 11
4276 20 17
4277 17 10
4278 18 5
4279 10 10
4280 12 18
4281 5 3
4282 8 4
4283 6 8
4284 4 8
4285 6 5
4286 19 13
4287 17 4
4288 15 1
4289 12 9
4290 8 5
4291 16 3
4292 18 10
4293 12 2
4294 13 4
4295 16 11
4296 16 16
4297 14 19
4298 1 5
4299 17 15
4300 6 15
4301 9 13
4302 12 17
4303 3 13
4304 5 1
4305 20 5
4306 9 1
4307 1 8
4308 8 18
4309 4 13
4310 15 3
4311 13 2
4312 7 12
4313 1 8
4314 8 5
4315 9 16
4316 14 3
4317 5 4
4318 3 16
4319 14 20
4320 5 9
4321 3 4
4322 9 14
4323 1 2
4324 3 19
4325 3 17
4326 2 4
4327 5 4
4328 11 4
4329 20 16
4330 20 19
4331 13 19
4332 5 15
4333 3 3
4334 8 14
4335 15 13
4336 15 2
4337 11 6
4338 2 2
4339 18 12
4340 3 16
4341 15 10
4342 13 10
4343 20 20
4344 4 7
4345 2 15
4346 7 10
4347 5 6
4348 1 8
4349 7 16
4350 4 2
4351 2 5
4352 11 14
4353 15 2
4354 3 1
4355 19 18
4356 11 2
4357 20 3
4358 7 2
4359 4 19
4360 6 11
4361 10 7
4362 14 10
4363 13 14
4364 3 20
4365 14 10
4366 11 7
4367 5 19
4368 8 11
4369 5 20
4370 20 4
4371 17 10
4372 6 15
4373 4 11
4374 17 15
4375 6 8
4376 2 11
4377 20 5
4378 17 16
4379 4 8
4380 8 11
4381 4 1
4382 6 18
4383 3 8
4384 13 10
4385 8 1
4386 2 18
4387 4 13
4388 19 10
4389 5 14
4390 5 19
4391 6 4
4392 16 18
4393 11 8
4394 3 14
4395 8 19
4396 9 9
4397 20 13
4398 14 9
4399 9 9
4400 8 1
4401 20 12
4402 15 5
4403 17 2
4404 5 17
4405 20 16
4406 18 8
4407 10 8
4408 19 20
4409 10 20
4410 14 7
4411 11 9
4412 9 4
4413 17 12
4414 9 1
4415 16 6
4416 7 19
4417 11 13
4418 12 19
4419 4 4
4420 6 20
4421 8 5
4422 13 7
4423 2 5
4424 16 19
4425 8 1
4426 3 8
4427 2 12
4428 4 4
4429 17 9
4430 2 10
4431 20 19
4432 20 7
4433 14 12
4434 10 17
4435 19 9
4436 12 4
4437 20 14
4438 5 20
4439 14 2
4440 4 11
4441 8 15
4442 13 8
4443 1 6
4444 16 1
4445 2 1
4446 19 18
4447 20 3
4448 8 9
4449 20 12
4450 2 2
4451 1 7
4452 19 13
4453 4 16
4454 9 5
4455 2 15
4456 2 3
4457 11 9
4458 19 2
4459 12 20
4460 9 20
4461 6 6
4462 12 18
4463 9 19
4464 2 8
4465 19 12
4466 4 14
4467 16 2
4468 6 8
4469 19 10
4470 12 14
4471 15 10
4472 5 10
4473 7 15
4474 7 20
4475 16 16
4476 18 19
4477 8 8
4478 4 19
4479 8 11
4480 12 5
4481 2 17
4482 14 18
4483 12 6
4484 3 6
4485 16 8
4486 10 13
4487 17 14
4488 17 3
4489 11 7
4490 7 12
4491 1 15
4492 12 3
4493 2 9
4494 8 17
4495 11 12
4496 2 2
4497 11 12
4498 15 5
4499 12 15
4500 4 4
4501 17 11
4502 4 3
4503 16 10
4504 9 11
4505 12 12
4506 11 10
4507 8 18
4508 1 4
4509 12 14
4510 16 8
4511 19 3
4512 1 12
4513 13 3
4514 1 5
4515 6 7
4516 3 14
4517 9 14
4518 1 9
4519 14 2
4520 17 4
4521 15 8
4522 17 12
4523 13 8
4524 6 1
4525 3 19
4526 18 20
4527 12 6
4528 14 16
4529 3 13
4530 8 1
4531 11 13
4532 4 20
4533 5 16
4534 3 3
4535 11 19
4536 20 9
4537 11 6
4538 18 6
4539 13 1
4540 14 10
4541 15 15
4542 9 15
4543 4 8
4544 3 13
4545 9 19
4546 12 9
4547 4 5
4548 10 13
4549 12 12
4550 4 10
4551 18 19
4552 20 3
4553 7 4
4554 17 6
4555 18 1
4556 7 1
4557 20 4
4558 12 16
4559 2 20
4560 3 17
4561 2 15
4562 14 3
4563 10 3
4564 6 4
4565 15 10
4566 15 9
4567 17 7
4568 2 7
4569 15 11
4570 2 12
4571 14 4
4572 7 4
4573 13 6
4574 19 1
4575 16 8
4576 19 10
4577 19 4
4578 20 16
4579 15 4
4580 9 13
4581 8 6
4582 8 20
4583 15 2
4584 5 11
4585 15 3
4586 5 6
4587 8 10
4588 20 16
4589 7 19
4590 9 6
4591 1 20
4592 18 12
4593 3 16
4594 20 4
4595 12 9
4596 14 20
4597 9 19
4598 12 15
4599 6 10
4600 8 9
4601 8 19
4602 5 5
4603 20 2
4604 3 14
4605 2 10
4606 14 9
4607 8 20
4608 12 4
4609 17 13
4610 2 7
4611 4 10
4612 17 14
4613 3 19
4614 2 1
4615 13 1
4616 12 10
4617 18 4
4618 14 5
4619 18 18
4620 17 14
4621 3 1
4622 6 12
4623 7 17
4624 4 3
4625 2 9
4626 7 3
4627 18 13
4628 16 6
4629 9 18
4630 3 18
4631 8 16
4632 7 11
4633 11 19
4634 5 10
4635 17 19
4636 12 18
4637 17 9
4638 8 17
4639 13 8
4640 1 14
4641 4 3
4642 5 17
4643 11 16
4644 8 9
4645 15 2
4646 9 11
4647 5 3
4648 19 4
4649 15 19
4650 19 14
4651 1 19
4652 10 1
4653 14 9
4654 15 10
4655 3 2
4656 7 18
4657 17 17
4658 16 10
4659 11 14
4660 15 12
4661 5 16
4662 5 12
4663 2 9
4664 19 15
4665 13 17
4666 4 8
4667 20 15
4668 1 10
4669 7 18
4670 2 8
4671 8 1
4672 6 13
4673 6 3
4674 15 11
4675 14 1
4676 10 6
4677 11 19
4678 5 15
4679 14 11
4680 1 6
4681 8 2
4682 16 19
4683 15 8
4684 17 13
4685 12 7
4686 7 7
4687 2 9
4688 8 11
4689 15 10
4690 3 12
4691 7 11
4692 7 20
4693 9 8
4694 14 5
4695 17 10
4696 8 14
4697 6 15
4698 6 15
4699 4 18
4700 19 5
4701 11 14
4702 15 5
4703 6 12
4704 2 6
4705 5 7
4706 2 3
4707 16 9
4708 3 15
4709 4 18
4710 5 1
4711 17 10
4712 16 6
4713 10 11
4714 20 7
4715 6 4
4716 3 7
4717 20 12
4718 8 14
4719 15 10
4720 12 6
4721 10 5
4722 4 9
4723 10 13
4724 10 2
4725 20 14
4726 19 11
4727 14 9
4728 10 4
4729 11 16
4730 11 17
4731 7 15
4732 18 11
4733 7 3
4734 5 11
4735 8 3
4736 16 18
4737 17 15
4738 11 7
4739 19 5
4740 8 13
4741 12 6
4742 13 11
4743 8 17
4744 14 3
4745 6 3
4746 20 3
4747 20 10
4748 12 14
4749 19 5
4750 14 14
4751 20 19
4752 13 3
4753 11 6
4754 20 5
4755 13 20
4756 15 19
4757 10 10
4758 19 8
4759 17 5
4760 15 1
4761 7 19
4762 17 4
4763 1 16
4764 18 15
4765 5 18
4766 5 20
4767 11 6
4768 5 5
4769 14 20
4770 11 4
4771 11 18
4772 16 9
4773 17 19
4774 13 17
4775 14 16
4776 1 13
4777 16 15
4778 10 13
4779 16 16
4780 10 5
4781 1 3
4782 7 15
4783 8 1
4784 8 11
4785 6 6
4786 18 10
4787 6 7
4788 9 20
4789 14 10
4790 10 10
4791 8 12
4792 2 19
4793 6 9
4794 4 2
4795 6 18
4796 17 4
4797 1 17
4798 17 1
4799 10 10
4800 9 19
4801 2 12
4802 6 1
4803 18 10
4804 4 7
4805 6 15
4806 3 14
4807 15 13
4808 6 12
4809 5 1
4810 3 18
4811 12 3
4812 16 20
4813 9 13
4814 2 5
4815 4 14
4816 4 13
4817 6 2
4818 4 12
4819 6 5
4820 16 8
4821 13 1
4822 9 10
4823 7 4
4824 18 20
4825 2 17
4826 4 9
4827 7 5
4828 5 19
4829 20 7
4830 3 7
4831 16 14
4832 5 16
4833 18 16
4834 12 3
4835 10 19
4836 20 17
4837 3 1
4838 13 11
4839 7 4
4840 11 12
4841 17 4
4842 5 11
4843 4 13
4844 15 2
4845 18 3
4846 16 1
4847 7 16
4848 13 6
4849 20 20
4850 6 4
4851 9 13
4852 7 18
4853 20 6
4854 20 17
4855 4 5
4856 1 19
4857 5 7
4858 9 17
4859 15 9
4860 13 19
4861 8 15
4862 15 11
4863 6 2
4864 20 6
4865 12 14
4866 3 5
4867 13 1
4868 20 19
4869 19 15
4870 1 4
4871 4 8
4872 10 18
4873 6 19
4874 16 20
4875 10 10
4876 2 19
4877 8 8
4878 17 13
4879 13 20
4880 6 13
4881 19 14
4882 6 8
4883 17 11
4884 8 14
4885 9 9
4886 19 5
4887 6 4
4888 8 17
4889 17 16
4890 18 17
4891 9 16
4892 19 20
4893 17 5
4894 8 12
4895 11 2
4896 13 17
4897 17 3
4898 17 12
4899 2 17
4900 19 5
4901 9 14
4902 13 8
4903 10 2
4904 15 1
4905 7 12
4906 9 20
4907 4 18
4908 4 14
4909 13 15
4910 15 17
4911 10 19
4912 19 12
4913 5 12
4914 15 17
4915 17 9
4916 9 18
4917 12 19
4918 16 20
4919 13 2
4920 12 7
4921 16 17
4922 3 12
4923 15 7
4924 9 15
4925 16 12
4926 9 3
4927 5 6
4928 16 10
4929 18 13
4930 18 15
4931 20 8
4932 7 11
4933 16 18
4934 4 15
4935 20 6
4936 7 12
4937 10 9
4938 19 15
4939 5 20
4940 15 1
4941 11 17
4942 17 1
4943 18 10
4944 12 14
4945 4 19
4946 15 6
4947 16 6
4948 9 10
4949 20 4
4950 15 1
4951 4 18
4952 6 2
4953 1 8
4954 12 7
4955 18 7
4956 11 4
4957 20 14
4958 2 6
4959 11 6
4960 14 7
4961 1 10
4962 2 1
4963 8 12
4964 12 11
4965 11 16
4966 13 9
4967 18 17
4968 5 4
4969 8 4
4970 9 7
4971 6 8
4972 12 3
4973 5 1
4974 15 9
4975 1 10
4976 4 16
4977 2 18
4978 20 1
4979 12 14
4980 16 12
4981 8 20
4982 1 11
4983 10 14
4984 2 10
4985 12 13
4986 9 3
4987 12 15
4988 6 15
4989 6 10
4990 12 11
4991 20 6
4992 9 11
4993 13 9
4994 12 20
4995 10 18
4996 5 19
4997 17 6
4998 18 16
4999 16 4
1000
